0.875	62.5	9	10000	2000	300	2000	1800	250	250	0.1	2	4.5	8	90	90	30	0.05	2	375	11	60	0.34	0.6	0.017	0.6	23.7	281.385	55	0.1	0.6
0.875	62.5	9	10000	2000	300	2000	1800	250	250	0.1	2	4.5	8	90	90	30	0.05	2	375	11	60	0.34	0.6	0.017	0.6	23.7	281.385	55	0.1	0.615
0.875	62.5	9	10000	2000	300	2000	1800	250	250	0.1	2	4.5	8	90	90	30	0.05	2	375	11	60	0.34	0.6	0.017	0.6	23.7	281.385	55	0.1	0.63
0.875	62.5	9	10000	2000	300	2000	1800	250	250	0.1	2	4.5	8	90	90	30	0.05	2	375	11	60	0.34	0.6	0.017	0.6	23.7	281.385	55	0.1	0.645
0.875	62.5	9	10000	2000	300	2000	1800	250	250	0.1	2	4.5	8	90	90	30	0.05	2	375	11	60	0.34	0.6	0.017	0.6	23.7	281.385	55	0.1	0.66
0.875	62.5	9	10000	2000	300	2000	1800	250	250	0.1	2	4.5	8	90	90	30	0.05	2	375	11	60	0.34	0.6	0.017	0.6	23.7	281.385	55	0.1	0.675
0.875	62.5	9	10000	2000	300	2000	1800	250	250	0.1	2	4.5	8	90	90	30	0.05	2	375	11	60	0.34	0.6	0.017	0.6	23.7	281.385	55	0.1	0.69
0.875	62.5	9	10000	2000	300	2000	1800	250	250	0.1	2	4.5	8	90	90	30	0.05	2	375	11	60	0.34	0.6	0.017	0.6	23.7	281.385	55	0.1	0.705
0.875	62.5	9	10000	2000	300	2000	1800	250	250	0.1	2	4.5	8	90	90	30	0.05	2	375	11	60	0.34	0.6	0.017	0.6	23.7	281.385	55	0.1	0.72
0.875	62.5	9	10000	2000	300	2000	1800	250	250	0.1	2	4.5	8	90	90	30	0.05	2	375	11	60	0.34	0.6	0.017	0.6	23.7	281.385	55	0.1	0.735
0.875	62.5	9	10000	2000	300	2000	1800	250	250	0.1	2	4.5	8	90	90	30	0.05	2	375	11	60	0.34	0.6	0.017	0.6	23.7	281.385	55	0.1	0.75
0.875	62.5	9	10000	2000	300	2000	1800	250	250	0.1	2	4.5	8	90	90	30	0.05	2	375	11	60	0.34	0.6	0.017	0.6	23.7	281.385	55	0.1	0.765
0.875	62.5	9	10000	2000	300	2000	1800	250	250	0.1	2	4.5	8	90	90	30	0.05	2	375	11	60	0.34	0.6	0.017	0.6	23.7	281.385	55	0.1	0.78
0.875	62.5	9	10000	2000	300	2000	1800	250	250	0.1	2	4.5	8	90	90	30	0.05	2	375	11	60	0.34	0.6	0.017	0.6	23.7	281.385	55	0.1	0.795
0.875	62.5	9	10000	2000	300	2000	1800	250	250	0.1	2	4.5	8	90	90	30	0.05	2	375	11	60	0.34	0.6	0.017	0.6	23.7	281.385	55	0.1	0.81
0.875	62.5	9	10000	2000	300	2000	1800	250	250	0.1	2	4.5	8	90	90	30	0.05	2	375	11	60	0.34	0.6	0.017	0.6	23.7	281.385	55	0.1	0.825
0.875	62.5	9	10000	2000	300	2000	1800	250	250	0.1	2	4.5	8	90	90	30	0.05	2	375	11	60	0.34	0.6	0.017	0.6	23.7	281.385	55	0.1	0.84
0.875	62.5	9	10000	2000	300	2000	1800	250	250	0.1	2	4.5	8	90	90	30	0.05	2	375	11	60	0.34	0.6	0.017	0.6	23.7	281.385	55	0.1	0.855
0.875	62.5	9	10000	2000	300	2000	1800	250	250	0.1	2	4.5	8	90	90	30	0.05	2	375	11	60	0.34	0.6	0.017	0.6	23.7	281.385	55	0.1	0.87
0.875	62.5	9	10000	2000	300	2000	1800	250	250	0.1	2	4.5	8	90	90	30	0.05	2	375	11	60	0.34	0.6	0.017	0.6	23.7	281.385	55	0.1	0.885
0.875	62.5	9	10000	2000	300	2000	1800	250	250	0.1	2	4.5	8	90	90	30	0.05	2	375	11	60	0.34	0.6	0.017	0.6	23.7	281.385	55	0.1	0.9