time(d)	species	LAI	nrShoots	fAbs	assCO2(umol/m2)	biomAbove(gr/m2)	yield(gr/m2)	harvestIndex	leafArea	fieldRFR	
1	9	0.0	20.0	0.0	0.0	5.5	0.0	NaN	0.0	1.200000000000002	
1	16	0.0	20.0	0.0	0.0	6.0	0.0	NaN	0.0	1.200000000000002	
2	9	0.0	20.0	0.0	0.0	5.3917920845077445	0.0	NaN	0.0	1.200000000000002	
2	16	0.0	20.0	0.0	0.0	6.0	0.0	NaN	0.0	1.200000000000002	
3	9	0.004895666114757647	20.0	0.0	0.0	4.99838344857213	0.0	0.0	0.024478330573788235	1.200000000000002	
3	16	0.0	20.0	0.0	0.0	6.0	0.0	NaN	0.0	1.200000000000002	
4	9	0.014232458223612226	20.0	0.0021562963982418486	6612.175116133758	4.599574843881127	0.0	0.0	0.07116229111806113	1.197376268729081	
4	16	0.0	20.0	0.0	0.0	6.0	0.0	NaN	0.0	1.200000000000002	
5	9	0.023395407872563834	20.0	0.00567211996935852	19350.95569534474	4.530267738771363	0.0	0.0	0.11697703936281917	1.1528147154552464	
5	16	0.0	20.0	0.0	0.0	6.0	0.0	NaN	0.0	1.200000000000002	
6	9	0.035406381658201584	20.0	0.009033166668427968	30940.449643712687	4.681697295130172	0.0	0.0	0.17703190829100793	1.0914322950139352	
6	16	0.0	20.0	0.0	0.0	6.0	0.0	NaN	0.0	1.200000000000002	
7	9	0.04759431061902029	20.0	0.013158615032131744	45344.241711971445	5.260523066670495	0.0	0.0	0.23797155309510143	1.0474844275484936	
7	16	0.0	20.0	0.0	0.0	6.0	0.0	NaN	0.0	1.200000000000002	
8	9	0.05882686234744564	20.0	0.017514211325951295	60344.82685271346	6.276796453981686	0.0	0.0	0.2941343117372282	1.002580279902576	
8	16	0.0	20.0	0.0	0.0	6.0	0.0	NaN	0.0	1.200000000000002	
9	9	0.07256972557334847	20.0	0.022554860240570965	74413.03086068039	7.53140838557218	0.0	0.0	0.3628486278667423	1.0088750848536838	
9	16	0.0	20.0	0.0	0.0	6.0	0.0	NaN	0.0	1.200000000000002	
10	9	0.08968605102617559	20.0	0.02931466606408543	93539.4886389336	9.110909410740302	0.0	0.0	0.448430255130878	1.0085188889512937	
10	16	0.0	20.0	0.0	0.0	6.0	0.0	NaN	0.0	1.200000000000002	
11	9	0.11178272977587664	20.0	0.03909750523584202	121913.11913212537	11.174271732297115	0.0	0.0	0.5589136488793832	1.029752892776851	
11	16	0.0	20.0	0.0	0.0	6.0	0.0	NaN	0.0	1.200000000000002	
12	9	0.14044753749190808	20.0	0.05040004192961395	159498.7477754343	13.878784331275645	0.0	0.0	0.7022376874595404	1.047003150695389	
12	16	0.0	20.0	0.0	0.0	6.0	0.0	NaN	0.0	1.200000000000002	
13	9	0.17713202833735733	20.0	0.0653156712800585	206030.95054359685	17.376051519993286	0.0	0.0	0.8856601416867866	1.0466267785498842	
13	16	0.0	20.0	0.0	0.0	6.0	0.0	NaN	0.0	1.200000000000002	
14	9	0.22355362987148877	20.0	0.08328647077195683	263163.4837977196	21.845478610248005	0.0	0.0	1.1177681493574438	1.0503924665771138	
14	16	0.0	20.0	0.0	0.0	6.0	0.0	NaN	0.0	1.200000000000002	
15	9	0.2820517029290852	20.0	0.10263245034015508	334616.30546691443	27.53009443526897	0.0	0.0	1.410258514645426	1.04589127614819	
15	16	0.0	20.0	0.0	0.0	6.0	0.0	NaN	0.0	1.200000000000002	
16	9	0.3540562767826058	20.0	0.12519750000287236	415667.3905064102	34.58899649458083	0.0	0.0	1.7702813839130291	1.027666985020932	
16	16	0.0	20.0	0.0	0.0	6.0	0.0	NaN	0.0	1.200000000000002	
17	9	0.4421117866637877	20.0	0.14999065474959478	512846.0915265998	43.29400453946124	0.0	0.0	2.2105589333189384	1.0064256468318686	
17	16	0.0	20.0	0.0	0.0	6.0	0.0	NaN	0.0	1.200000000000002	
18	9	0.5482115728321999	20.0	0.17661968962675528	623491.616043838	53.86873624564895	0.0	0.0	2.7410578641609997	0.9734158862598626	
18	16	0.0	20.0	0.0	0.0	6.0	0.0	NaN	0.0	1.200000000000002	
19	9	0.6778483249375094	20.0	0.20532024979380464	768142.33018888	66.89324571808183	0.0	0.0	3.3892416246875468	0.9396626460122804	
19	16	0.0	20.0	0.0	0.0	6.0	0.0	NaN	0.0	1.200000000000002	
20	9	0.8320706193040653	20.0	0.23436288044611298	922025.7295443348	82.51194792137719	0.0	0.0	4.160353096520327	0.9021244310790761	
20	16	0.0	20.0	0.0	0.0	6.0	0.0	NaN	0.0	1.200000000000002	
21	9	1.0079361425777336	20.0	0.2644847513758487	1062029.9033244257	100.46549216191245	0.0	0.0	5.039680712888668	0.8628020815192269	
21	16	0.0	20.0	0.0	0.0	6.0	0.0	NaN	0.0	1.200000000000002	
22	9	1.2072141720860228	20.0	0.29201059113191574	1215736.9566886674	120.97697352037031	0.0	0.0	6.036070860430113	0.8182875926135599	
22	16	0.0	20.0	0.0	0.0	6.0	0.0	NaN	0.0	1.200000000000002	
23	9	1.4131401305142224	20.0	0.3156740140927572	1352484.1141700938	143.73359557702304	1.3940649682191237	0.0107830106307146	7.065700652571112	0.7758933236386651	
23	16	0.0	20.0	0.0	0.0	6.0	0.0	NaN	0.0	1.200000000000002	
24	9	1.6149771794824705	20.0	0.3367776914058101	1446092.9707003643	167.96843146124553	4.515266655728778	0.02973331118491628	8.074885897412353	0.7387550162562969	
24	16	0.0	20.0	0.0	0.0	6.0	0.0	NaN	0.0	1.200000000000002	
25	9	1.8109886013117955	20.0	0.35422945046892085	1550743.7774438465	193.86396850418876	9.668387057254595	0.05489670385966711	9.054943006558977	0.7052237381607018	
25	16	0.0	20.0	0.0	0.0	6.0	0.0	NaN	0.0	1.200000000000002	
26	9	1.9969587252304695	20.0	0.36834129649457387	1653885.1408331962	221.38272034725378	17.228302427256178	0.08526927486960059	9.984793626152348	0.6754610605829938	
26	16	0.0	20.0	0.0	0.0	6.0	0.0	NaN	0.0	1.200000000000002	
27	9	2.169331764476641	20.0	0.3807135724178841	1710401.2369722214	249.7011762157785	26.738533476308696	0.11685116804334211	10.846658822383205	0.6486161832897366	
27	16	0.0	20.0	0.0	0.0	6.0	0.0	NaN	0.0	1.200000000000002	
28	9	2.330049023497433	20.0	0.39048253636099345	1768289.4806696945	278.83786623502596	38.03271710625434	0.14830404981819637	11.650245117487165	0.6272979442107985	
28	16	0.0	20.0	0.0	0.0	6.0	0.0	NaN	0.0	1.200000000000002	
29	9	2.4788114480332917	20.0	0.39897074373053026	1806399.225340316	308.4425831627938	50.862773046333665	0.1787348935941535	12.394057240166457	0.60832702954646	
29	16	0.0	20.0	0.0	0.0	6.0	0.0	NaN	0.0	1.200000000000002	
30	9	2.61895107041605	20.0	0.405596078421156	1869357.5099489733	338.9452356020323	65.33433162572915	0.2083486258403154	13.09475535208025	0.5936937473059611	
30	16	0.0	20.0	0.0	0.0	6.0	0.0	NaN	0.0	1.200000000000002	
31	9	2.746008756231695	20.0	0.4114451135486153	1860142.800568799	369.0819505985604	80.74473629425023	0.23590761235619306	13.730043781158473	0.580797503720759	
31	16	0.0	20.0	0.0	0.0	6.0	0.0	NaN	0.0	1.200000000000002	
32	9	2.8629347265534966	20.0	0.41700057261942697	1875933.2341083537	399.29098027384174	97.22896777785158	0.2620355928940654	14.314673632767482	0.5687975250719892	
32	16	0.0	20.0	0.0	0.0	6.0	0.0	NaN	0.0	1.200000000000002	
33	9	2.97156427765177	20.0	0.42141127338176637	1910969.5203793377	429.9072537570288	114.9225519480299	0.28713841051374817	14.857821388258849	0.5615434702262229	
33	16	0.0	20.0	0.0	0.0	6.0	0.0	NaN	0.0	1.200000000000002	
34	9	3.0704807444131648	20.0	0.4244323498477428	1916857.9139990818	460.4200411755957	133.49000133050217	0.31093018636007347	15.352403722065825	0.5514037960518973	
34	16	0.0	20.0	0.0	0.0	6.0	0.0	NaN	0.0	1.200000000000002	
35	9	3.1606281490558046	20.0	0.42725419560587713	1935886.5561130934	491.0590469228781	153.04943917163428	0.3337773840873386	15.803140745279023	0.5447477015898671	
35	16	0.0	20.0	0.0	0.0	6.0	0.0	NaN	0.0	1.200000000000002	
36	9	3.2424784499722046	20.0	0.4295308950701409	1958583.831058812	521.8873580833333	173.61323612408782	0.3558166903244685	16.212392249861022	0.5393824945686424	
36	16	0.0	20.0	0.0	0.0	6.0	0.0	NaN	0.0	1.200000000000002	
37	9	3.3159471202957334	20.0	0.43161027625285286	1972948.758565639	552.7584844350476	195.05480554911907	0.3770221314573891	16.579735601478667	0.5333055788414152	
37	16	0.0	20.0	0.0	0.0	5.897323697632145	0.0	NaN	0.0	1.200000000000002	
38	9	3.3808724834570194	20.0	0.4329117430901384	1983563.1503010404	583.6067735587518	217.32848755284004	0.3974894717882342	16.904362417285096	0.5282820012210394	
38	16	0.023606269372704675	20.0	0.0	0.0	4.600316823304576	0.0	0.0	0.11803134686352337	1.200000000000002	
39	9	3.4378097213628243	20.0	0.433263865470964	1995856.0210535112	614.4616316598342	240.4095033174837	0.4172725456321569	17.189048606814122	0.524544381079136	
39	16	0.03991860943629194	20.0	0.0011777849776981636	12321.391692235387	4.063674605569662	0.0	0.0	0.1995930471814597	0.10461796431583117	
40	9	3.4877584253691025	20.0	0.4346853609698504	2025240.9039062678	645.6208934191421	264.4797950425184	0.43656780018692504	17.438792126845513	0.5195575092047884	
40	16	0.04194536464630205	20.0	0.001891225175887037	12374.804762304782	4.251985550530226	0.0	0.0	0.20972682323151026	0.1570366333928372	
41	9	3.5310683263853138	20.0	0.43548157097547985	2049507.5840949055	676.9933097599471	289.4239519583138	0.4552990483901111	17.655341631926568	0.5172205844456358	
41	16	0.044057655370089086	20.0	0.002062726862818763	13105.564505096329	4.451764437776295	0.0	0.0	0.2202882768504454	0.16647964459259867	
42	9	3.5673608464388336	20.0	0.4363641818041219	2046023.6757446132	708.0938095785734	314.83029972617373	0.4732369834700615	17.83680423219417	0.5140469013562217	
42	16	0.046410830145956775	20.0	0.0022539663529980683	14183.094684544174	4.668977566419635	0.0	0.0	0.23205415072978386	0.12624542613733108	
43	9	3.5971032166789896	20.0	0.4367521772244135	2064966.033828954	739.31506749142	341.0201759106778	0.4907049705908934	17.98551608339495	0.512326398526934	
43	16	0.0491047209694417	20.0	0.002436565962346927	15385.425373159951	4.905682587428913	0.0	0.0	0.2455236048472085	0.1447645925758594	
44	9	3.620862034774704	20.0	0.43717313280573755	2102777.126770512	770.985114111339	368.2476679746265	0.5078865623685127	18.104310173873518	0.5115306414220042	
44	16	0.052369350341485765	20.0	0.002777303989675703	17364.472524891247	5.1752848648352465	0.0	0.0	0.2618467517074288	0.16586122385030744	
45	9	3.6386700909147023	20.0	0.43740575870164267	2117392.819682363	802.696679688853	396.1338617994278	0.5245559294973746	18.193350454573512	0.511715456822244	
45	16	0.056135354753264435	21.6	0.0030490702456414764	19462.678681664533	5.479639632682076	0.0	0.0	0.28067677376632216	0.18574272225078417	
46	9	3.651381696631451	20.0	0.43725267975857596	2150796.99024292	834.7769295552619	424.90627659263026	0.5408458515543985	18.256908483157254	0.5095447229190458	
46	16	0.0602288629788482	22.6	0.003280480131184368	21364.74439181236	5.815094609345592	0.0	0.0	0.301144314894241	0.1568375940020576	
47	9	3.6599273490931337	20.0	0.4373625547501913	2155369.9469062816	866.7209124853805	454.0082503344969	0.5564216092087376	18.29963674546567	0.5093716352038422	
47	16	0.06254847558326929	22.4	0.003466776388873573	22856.776514204525	6.033941986877958	0.0	0.0	0.31274237791634646	0.16507332975923428	
48	9	3.665100525265905	20.0	0.43760658069740227	2151112.848798216	898.3756559868705	483.22320336852937	0.5712090221581151	18.325502626329524	0.5088296328772941	
48	16	0.06590885090989623	22.2	0.0036998824472404337	24275.188297520042	6.3332263739898496	0.0	0.0	0.32954425454948116	0.16714511229219928	
49	9	3.667825100778291	20.0	0.4373633421442147	2169166.911310722	930.1319452344135	512.8329407703961	0.5853768007814684	18.339125503891456	0.5074890222928429	
49	16	0.06968789622095427	22.4	0.003805873343001961	25599.513770755362	6.667869444309053	0.0	0.0	0.34843948110477135	0.18116732345627112	
50	9	3.6690381358988553	20.0	0.4370667332612564	2173998.939408523	961.7586635351496	542.5337826303655	0.5987911236774969	18.345190679494277	0.5085416777668861	
50	16	0.07269527919062527	22.6	0.004020932564992843	26949.849875416094	6.957408506203748	0.0	0.0	0.36347639595312636	0.15350680289237262	
51	9	3.6693408696171597	20.0	0.4364604238423166	2145114.409320551	992.6690723332933	571.7053094020889	0.6112297735737855	18.346704348085797	0.5098123095253404	
51	16	0.07602136292139125	23.4	0.0043653756091671944	28449.534700662847	7.287847526558716	0.0	0.0	0.3801068146069563	0.1560852776189875	
52	9	3.6693408696171597	20.0	0.43570838963311254	2119174.7773561305	1022.9193173911165	600.3168286699071	0.6227409491691571	18.346704348085797	0.5091184433518888	
52	16	0.08025833484529832	26.8	0.004611749123888249	30014.998478171754	7.685409754441229	0.0	0.0	0.4012916742264916	0.1639666488610954	
53	9	3.6693408696171597	20.0	0.4352292006508954	2122305.432800394	1053.020478737068	628.80765996484	0.6335609754497886	18.346704348085797	0.51016134812295	
53	16	0.08546005611919055	28.2	0.004932156222204325	31855.38870476683	8.16742761833637	0.0	0.0	0.42730028059595276	0.13872235521173118	
54	9	3.6693408696171597	20.0	0.4349750495982639	2103703.301485151	1082.5948018643603	656.8052116621676	0.6436143274006506	18.346704348085797	0.5096050540432366	
54	16	0.08988209422584761	26.6	0.005147822777726786	33315.08113242371	8.628215652257664	0.0	0.0	0.44941047112923804	0.14083047971382412	
55	9	3.6693408696171597	20.0	0.43388808240084725	2085050.8023373876	1111.6449556393145	684.2948268399612	0.6529626563050293	18.346704348085797	0.511734297632955	
55	16	0.09324777548455096	26.2	0.0054675017374660505	35028.572792830695	9.02651733166039	0.0	0.0	0.4662388774227548	0.14840815753769848	
56	9	3.6693408696171597	20.0	0.4338186153488214	2099689.9532220378	1140.7546743151058	711.8259447571037	0.6618461394730786	18.346704348085797	0.5104366133343412	
56	16	0.09750613284957496	28.6	0.005737161193360389	37216.75072510165	9.489724884263875	0.0	0.0	0.48753066424787483	0.14924703221054528	
57	9	3.6693408696171597	20.0	0.43320720863679346	2094861.8345110142	1169.584282105001	739.0741147587426	0.6702015759727233	18.346704348085797	0.5115897586124176	
57	16	0.10342684937169297	27.6	0.00624278716016315	40048.57637539431	10.085144836990043	0.0	0.0	0.5171342468584649	0.12801568540966296	
58	9	3.6693408696171597	20.0	0.4322398838469569	2093780.7906676768	1198.200968586395	766.0995142167704	0.6780905991951379	18.346704348085797	0.5110046798242805	
58	16	0.10962843380224022	27.4	0.00670137787347505	43471.79944258532	10.729816325761783	0.0	0.0	0.548142169011201	0.13873015072812253	
59	9	3.6693408696171597	20.0	0.43174976210724764	2089497.580044647	1226.5503599109863	792.8471586740625	0.6855355131883379	18.346704348085797	0.5115373606623609	
59	16	0.11517305818826722	29.0	0.007163545719719639	46069.388896066455	11.336229644685131	0.0	0.0	0.5758652909413361	0.1400182026476369	
60	9	3.6693408696171597	20.0	0.43109825444289895	2080828.2973838195	1254.5578152217392	819.2427531651945	0.6925523773716514	18.346704348085797	0.5109261471116353	
60	16	0.12219411342299898	32.6	0.0076909924911122505	49388.64253275997	12.044195148304587	0.0	0.0	0.6109705671149949	0.14107080482546938	
61	9	3.6693408696171597	20.0	0.4301308019877541	2083822.7581433747	1282.4289116856792	845.475560112717	0.6992224444984272	18.346704348085797	0.5122888323643567	
61	16	0.1302144766661028	33.2	0.008324095884802383	53479.98349216166	12.839714020964639	0.0	0.0	0.651072383330514	0.13388662449804647	
62	9	3.6693408696171597	20.0	0.42937350217551007	2077281.111630441	1309.998372374461	871.3848772087262	0.705532136692529	18.346704348085797	0.5120461085976205	
62	16	0.13947828133252052	28.6	0.008909037871755007	57475.55863848232	13.739235942199992	0.0	0.0	0.6973914066626026	0.13415334058785322	
63	9	3.6693408696171597	20.0	0.42792804254285144	2054353.923854547	1336.9826613424163	896.6988558484021	0.7114463070216552	18.346704348085797	0.5135197759312474	
63	16	0.14909052961803299	30.6	0.009631979715860276	61170.519355191034	14.696902037724433	0.0	0.0	0.7454526480901649	0.13987363048558377	
64	9	3.6693408696171597	20.0	0.426952875949986	2050128.1887782358	1363.7116461351588	921.720688618269	0.7170633004296192	18.346704348085797	0.5122470480397603	
64	16	0.15833554628970098	36.2	0.010391688242248098	65859.73601961201	15.64287836197228	0.0	0.0	0.791677731448505	0.1462438832959398	
65	9	3.6693408696171597	20.0	0.42621942750523023	2009680.3892803192	1389.555768770539	945.8544118283937	0.7222775695796828	18.346704348085797	0.5120388757289164	
65	16	0.16792947806193267	32.8	0.011058541160153118	69286.73266148986	16.647973721318177	0.0	0.0	0.8396473903096634	0.13307652297338565	
66	9	3.6693408696171597	20.0	0.424935394739421	1984596.71707994	1414.788751536576	969.3481323249301	0.72717220385018	18.346704348085797	0.513173621781718	
66	16	0.17901158411672016	35.0	0.011900108233424078	73449.01734254124	17.793249740686505	0.0	0.0	0.8950579205836008	0.13805429697745475	
67	9	3.6693408696171597	20.0	0.4240778448669585	1981422.7177573398	1439.796549529398	992.5499392553345	0.7318395924100387	18.346704348085797	0.5119813767548114	
67	16	0.19001221201996218	33.8	0.012847993906329833	79185.88861201055	19.0010800121181	0.0	0.0	0.950061060099811	0.14140102181019934	
68	9	3.6693408696171597	20.0	0.42301315818502994	1974770.707951183	1464.5200640653113	1015.3896508692345	0.736280747967873	18.346704348085797	0.5119914858843333	
68	16	0.20011008335999403	33.2	0.01348552279600236	84183.65339644282	20.179033034517847	0.0	0.0	1.0005504167999701	0.14527010343901486	
69	9	3.6693408696171597	20.0	0.42176586407964334	1964616.5041383915	1488.900172843487	1037.7925718572244	0.7404963425965461	18.346704348085797	0.5138948198542855	
69	16	0.21077859912966623	31.0	0.01427252414951139	88228.47996630089	21.434642132119667	0.0516029445148127	0.0027193908165434755	1.0538929956483312	0.1395805847449739	
70	9	3.6693408696171597	20.0	0.4205733478694919	1947695.1464735637	1512.8212499848403	1059.6267885109805	0.7444772271847162	18.346704348085797	0.512246716119302	
70	16	0.22332456998273992	35.4	0.015191336620901998	93526.04174662128	22.87755142799876	0.15368177710197986	0.007598285308919354	1.1166228499136996	0.14385265065296518	
71	9	3.6693408696171597	20.0	0.4192886480959631	1942041.7135719329	1536.4827626324059	1081.0372022568642	0.7482639967767291	18.346704348085797	0.5130916786840362	
71	16	0.23639154988442734	32.4	0.016103339170718687	99344.22151992354	24.42537455991799	0.3087630196024672	0.014319852095935467	1.1819577494221367	0.14619170213173452	
72	9	3.6693408696171597	20.0	0.41860707118159046	1948731.58613699	1560.1015768082957	1102.1607172931303	0.7518916171788348	18.346704348085797	0.5124691950736163	
72	16	0.2492149311844562	35.6	0.016976767178757228	105314.30677617043	26.017053170446882	0.4985625069051164	0.021734452705049024	1.246074655922281	0.1439065898704055	
73	9	3.6693408696171597	20.0	0.41708080303342987	1922243.273272923	1583.0997518700915	1122.3899118882778	0.7552689816033482	18.346704348085797	0.5132947273903105	
73	16	0.2617208072824061	35.0	0.01784564032710686	109741.1752705852	27.656426828563433	0.7656538259415651	0.031432217854769365	1.3086040364120306	0.13983203318104326	
74	9	3.6693408696171597	20.0	0.4161177802963125	1915806.2800461967	1605.8309195568959	1141.8797952811515	0.7584370709567927	18.346704348085797	0.5124846098262236	
74	16	0.27452708946659865	34.6	0.018777321509364394	115293.76611956276	29.3938993960793	1.1046914265198498	0.04271022183187648	1.3726354473329934	0.14294636726717647	
75	9	3.6693408696171597	20.0	0.41530511719664714	1896596.3528510067	1628.1886449052358	1159.9444864542502	0.761301117628534	18.346704348085797	0.5114581963979719	
75	16	0.2876672906865422	34.8	0.01950241875522111	119503.13951345887	31.22789050158803	1.5029653210928469	0.054696425650039855	1.4383364534327108	0.14379845564426227	
76	9	3.6693408696171597	20.0	0.41372471762752	1892390.2536938968	1651.8809945767375	1174.2198073976706	0.7635167895603935	18.346704348085797	0.5114722216260541	
76	16	0.3015703966313859	37.8	0.020284910422330372	124360.0082336282	33.16107383726215	1.9295090268551658	0.06602760835937606	1.5078519831569295	0.14567087876113002	
77	9	3.6693408696171597	20.0	0.4132561365644864	1889221.3148421529	1677.6361027659077	1183.4578285194123	0.7649288312106285	18.346704348085797	0.5122927432961377	
77	16	0.31440867636903724	38.0	0.021103168918773667	129644.28724037425	35.073751699524614	2.4188035245956563	0.07810957617709502	1.5720433818451862	0.13707380195901	
78	9	3.6693408696171597	20.0	0.4125327736795541	1896960.0142168861	1704.704690100855	1189.6421458198324	0.7658647256266695	18.346704348085797	0.5116355173043574	
78	16	0.3276111304813775	35.4	0.02194916500430602	135562.51869150603	37.08304667515265	2.9663659733047303	0.09050047056644286	1.6380556524068877	0.13944681798604786	
79	9	3.6693408696171597	20.0	0.4114110687097457	1878973.1864766304	1732.414383858856	1192.927914063431	0.7663589473237726	18.346704348085797	0.5126790006401163	
79	16	0.3412018617982982	33.0	0.022611455378082346	138864.5302836354	39.148248350897795	3.5633694382765286	0.10286515027738333	1.706009308991491	0.1395345806820648	
80	9	3.6693408696171597	20.0	0.410855884323113	1862558.6125318476	1760.8029662026788	1193.6378598559115	0.7664654582953484	18.346704348085797	0.5112446368997141	
80	16	0.3541281813633855	38.6	0.023369956433597655	142775.50787764374	41.20405028214816	4.208078000525452	0.11532625135188454	1.7706409068169273	0.14365215066793285	
81	9	3.6693408696171597	20.0	0.41012947643297853	1832681.4923714981	1788.5856517840275	1193.6378598559115	0.7664654582953484	18.346704348085797	0.5119640307598813	
81	16	0.3679047030385632	41.4	0.023900495996577453	144592.07159312017	43.36371984660919	4.8862377121759	0.12708946225585888	1.839523515192816	0.13533391178809284	
82	9	3.6693408696171597	20.0	0.40965713057583025	1834999.4728369839	1816.2554384089417	1193.6378598559115	0.7664654582953484	18.346704348085797	0.511049982418192	
82	16	0.38038911749097803	40.2	0.024749070871319258	149437.49590861434	45.461178156546	5.601479455498838	0.13884502560669573	1.90194558745489	0.13638650441456235	
83	9	3.6693408696171597	20.0	0.40925579351665126	1824312.941025174	1843.472460268371	1193.6378598559115	0.7664654582953484	18.346704348085797	0.5111214854154964	
83	16	0.39408596566341064	37.2	0.025264613222103445	152673.84563061403	47.646567057938555	6.346018380701258	0.14994033347006472	1.9704298283170532	0.13765156678608598	
84	9	3.5826025045663945	20.0	0.404420662552683	1803313.4129171632	1864.9496729626633	1193.6378598559115	0.7689449666545567	17.913012522831973	0.5112157540128431	
84	16	0.40856327373476997	36.0	0.02604622406903173	157664.67161710619	49.93796862718541	7.112803863260881	0.1601895213605898	2.04281636867385	0.13673923829420132	
85	9	3.4561043923585095	20.0	0.3996357006716122	1776264.051298039	1883.3080211105546	1193.6378598559115	0.7725899441638605	17.280521961792548	0.5154478296605111	
85	16	0.42356203727344066	42.2	0.027108477505435814	163089.0200749019	52.30679534615213	7.862205636296151	0.16887455833980414	2.1178101863672034	0.14066885060374837	
86	9	3.4561043923585095	20.0	0.4032879554033699	1755139.1568338796	1908.3635290369864	1193.6378598559115	0.7725899441638605	17.280521961792548	0.5199138716046039	
86	16	0.43817218909802935	38.0	0.02857416241828207	167111.35446054017	54.663270855240434	8.613068099738786	0.17686234577235943	2.190860945490147	0.13493645804637128	
87	9	3.286811351900338	20.0	0.3935058252900357	1722987.9847922176	1922.6342710551148	1193.6378598559115	0.7775224498257387	16.43405675950169	0.5197186174415541	
87	16	0.4534379795385993	39.2	0.029389946709583323	174410.11888979728	57.09821422595758	9.379009505136656	0.18422542410055018	2.2671898976929965	0.1343415048846737	
88	9	3.0666572228890328	20.0	0.38345447196731	1680785.3777577798	1932.823698293541	1193.6378598559115	0.7840318349740968	15.333286114445164	0.5266004973131599	
88	16	0.47019053203135874	38.4	0.03160543298789328	183667.97835671535	59.69419047583294	10.195628321442886	0.19140382794147912	2.3509526601567936	0.14074683095503204	
89	9	2.939860237534301	20.0	0.380056886608319	1659938.316108277	1947.8890922341045	1193.6378598559115	0.7878305959436398	14.699301187671505	0.5339035378037934	
89	16	0.49059130954510694	39.2	0.03485073812074847	198513.72209534777	62.69271545779386	11.07754828259279	0.19792843109869485	2.4529565477255346	0.1502972936225473	
90	9	2.751469336492796	20.0	0.36996650037903445	1614966.0718532342	1958.175062553603	1193.6378598559115	0.7935431432361062	13.75734668246398	0.5419868392934888	
90	16	0.5118903053243488	40.6	0.03726302463077819	212328.09030740606	65.91559492519121	12.058354708473253	0.20497337283270844	2.5594515266217437	0.14928385221704515	
91	9	2.751469336492796	20.0	0.37397036522939453	1631009.5299226926	1979.8165751168585	1193.6378598559115	0.7935431432361062	13.75734668246398	0.5471267396109453	
91	16	0.5351417705869734	41.0	0.04103619647757315	228837.05266585847	69.41578292109193	13.08581860970501	0.21137753261428988	2.675708852934867	0.15684699636319008	
92	9	2.658649759909194	20.0	0.36673046816541555	1612141.716388664	1995.4975457261517	1193.6378598559115	0.7963882690721727	13.29324879954597	0.549053464311567	
92	16	0.560967484503692	44.4	0.04209240298742873	242059.35077120643	73.21388023621896	14.15452281890704	0.21703986890730947	2.8048374225184602	0.15849224462926303	
93	9	2.5051511779660975	20.0	0.35801462872713097	1590209.2968237328	2007.060820855541	1193.6378598559115	0.8011383745756332	12.525755889830487	0.5524625039038142	
93	16	0.5852760909769972	41.8	0.04488547190424312	256439.81977353507	77.07646592138266	15.263276758016838	0.22275368206348992	2.9263804548849857	0.16462778753277052	
94	9	2.294414905491949	20.0	0.34476653331251644	1536095.7244941355	2013.9000505560466	1193.6378598559115	0.8077527950191546	11.472074527459746	0.5635607907971081	
94	16	0.6124038844042305	43.2	0.047684991349336354	271356.1877477976	81.35012222571277	16.46908657560585	0.22823987719900385	3.0620194220211525	0.1646422552575282	
95	9	2.198048491042098	20.0	0.3410100254281403	1506848.4973346125	2026.657394740006	1193.6378598559115	0.8108139964355021	10.99024245521049	0.5730111114783107	
95	16	0.6408874406252226	41.6	0.05322663469042923	288664.1726073381	85.8614571181739	17.716449251190614	0.23300084428737727	3.2044372031261132	0.17277058490401337	
96	9	1.985429542502581	20.0	0.3234981474170217	1432678.8317851245	2030.7366140740219	1193.6378598559115	0.8176508708994434	9.927147712512905	0.5829008049421892	
96	16	0.6723877133647368	42.4	0.056311413673153926	306571.3112327151	90.725774295145	19.009646568214777	0.2369248118603217	3.361938566823684	0.17818170602632027	
97	9	1.985429542502581	20.0	0.328476748263374	1453123.5054618516	2047.7667005641156	1193.6378598559115	0.8176508708994434	9.927147712512905	0.5918843157836001	
97	16	0.7062409761612266	42.6	0.06212862926906419	327675.31097948045	95.90877897697904	20.39638001304398	0.24075271152428238	3.531204880806133	0.19010091813672844	
98	9	1.7660161874010991	20.0	0.3055494618055475	1374080.6976607107	2049.978245174626	1193.6378598559115	0.8248281683446733	8.830080937005496	0.5971160505344647	
98	16	0.7424815000837259	45.8	0.06436694618031664	348699.3046165873	101.46390217907285	21.937535168965866	0.24514692887633105	3.7124075004186294	0.18416063844128458	
99	9	1.551139162717186	20.0	0.28634156766235547	1297997.6978416492	2050.5682073230864	1193.6378598559115	0.8319802585948827	7.7556958135859295	0.6134344279551529	
99	16	0.7802479669244232	42.8	0.071786121287683	367896.4400861346	107.32520067496571	23.605502336197752	0.24975871738310176	3.901239834622116	0.19504591556576537	
100	9	1.4004018165911751	20.0	0.272084232673828	1275816.415799069	2050.175068794087	1193.6378598559115	0.8370719629748795	7.002009082955875	0.6288416644859806	
100	16	0.8217614292853577	44.4	0.07952148299952035	405557.9595335039	113.82469965356829	25.41513276138661	0.2539503547671626	4.108807146426789	0.2091445274309898	
1	9	0.0	20.0	0.0	0.0	5.5	0.0	NaN	0.0	1.200000000000002	
1	16	0.0	20.0	0.0	0.0	6.0	0.0	NaN	0.0	1.200000000000002	
2	9	0.0	20.0	0.0	0.0	5.429811081842861	0.0	NaN	0.0	1.200000000000002	
2	16	0.0	20.0	0.0	0.0	6.0	0.0	NaN	0.0	1.200000000000002	
3	9	0.003175567209572528	20.0	0.0	0.0	5.13767948988063	0.0	0.0	0.01587783604786264	1.200000000000002	
3	16	0.0	20.0	0.0	0.0	6.0	0.0	NaN	0.0	1.200000000000002	
4	9	0.010896912015934191	20.0	0.0013747728374597955	4260.901248643998	4.716587153479213	0.0	0.0	0.05448456007967096	1.2036985903855146	
4	16	0.0	20.0	0.0	0.0	6.0	0.0	NaN	0.0	1.200000000000002	
5	9	0.02127564301958351	20.0	0.0044110222673222595	14712.34998994369	4.4478383657965175	0.0	0.0	0.10637821509791755	1.1550736723146584	
5	16	0.0	20.0	0.0	0.0	6.0	0.0	NaN	0.0	1.200000000000002	
6	9	0.03391543094179862	20.0	0.008188030769882629	28324.614379186765	4.504534574581486	0.0	0.0	0.16957715470899312	1.1238038413083697	
6	16	0.0	20.0	0.0	0.0	6.0	0.0	NaN	0.0	1.200000000000002	
7	9	0.045506860210771674	20.0	0.012756734601135952	43741.990843303945	5.071621930928726	0.0	0.0	0.22753430105385836	1.073002042279732	
7	16	0.0	20.0	0.0	0.0	6.0	0.0	NaN	0.0	1.200000000000002	
8	9	0.05635118327503976	20.0	0.01697738553325134	58126.32936844499	6.050503115269801	0.0	0.0	0.2817559163751988	1.016598482258416	
8	16	0.0	20.0	0.0	0.0	6.0	0.0	NaN	0.0	1.200000000000002	
9	9	0.06951198554518319	20.0	0.021561282392513214	71120.07366474529	7.249248927324035	0.0	0.0	0.34755992772591593	1.0002154946772994	
9	16	0.0	20.0	0.0	0.0	6.0	0.0	NaN	0.0	1.200000000000002	
10	9	0.08603859292032964	20.0	0.02774287807290887	90092.51579657677	8.770575745147399	0.0	0.0	0.43019296460164824	0.9981477676157152	
10	16	0.0	20.0	0.0	0.0	6.0	0.0	NaN	0.0	1.200000000000002	
11	9	0.10709661083580473	20.0	0.03629502925107696	115900.42409372237	10.731440184319496	0.0	0.0	0.5354830541790236	1.017394682239891	
11	16	0.0	20.0	0.0	0.0	6.0	0.0	NaN	0.0	1.200000000000002	
12	9	0.13392545961976837	20.0	0.04774202597319816	149037.35512704836	13.256613192658651	0.0	0.0	0.6696272980988418	1.0294723015879996	
12	16	0.0	20.0	0.0	0.0	6.0	0.0	NaN	0.0	1.200000000000002	
13	9	0.16853760939285817	20.0	0.06263324021171708	194007.79549323863	16.548529772190015	0.0	0.0	0.8426880469642909	1.0408515410732784	
13	16	0.0	20.0	0.0	0.0	6.0	0.0	NaN	0.0	1.200000000000002	
14	9	0.21270009762574715	20.0	0.07888487789371636	249793.89809090365	20.790523133935974	0.0	0.0	1.0635004881287358	1.0579519001353488	
14	16	0.0	20.0	0.0	0.0	6.0	0.0	NaN	0.0	1.200000000000002	
15	9	0.26825519929952074	20.0	0.09911782900429056	317124.933733618	26.177401992310468	0.0	0.0	1.3412759964976038	1.0527239769493184	
15	16	0.0	20.0	0.0	0.0	6.0	0.0	NaN	0.0	1.200000000000002	
16	9	0.33744329629734815	20.0	0.12099572584007601	398519.0940618635	32.94655055264461	0.0	0.0	1.6872164814867407	1.0349006442020137	
16	16	0.0	20.0	0.0	0.0	6.0	0.0	NaN	0.0	1.200000000000002	
17	9	0.42159862483560995	20.0	0.1455508806520101	489180.30905825226	41.250169233379076	0.0	0.0	2.1079931241780496	1.015911068141567	
17	16	0.0	20.0	0.0	0.0	6.0	0.0	NaN	0.0	1.200000000000002	
18	9	0.5239258463466192	20.0	0.17178717122112805	600012.9673278233	51.42947508817058	0.0	0.0	2.619629231733096	0.9855210006497072	
18	16	0.0	20.0	0.0	0.0	6.0	0.0	NaN	0.0	1.200000000000002	
19	9	0.6471333979414122	20.0	0.20016971153519134	728782.9734058162	63.78445237107461	0.0	0.0	3.2356669897070613	0.9506956227064596	
19	16	0.0	20.0	0.0	0.0	6.0	0.0	NaN	0.0	1.200000000000002	
20	9	0.7951081937468591	20.0	0.22979882105759208	882889.1425372785	78.74201209828655	0.0	0.0	3.9755409687342955	0.9143924363098737	
20	16	0.0	20.0	0.0	0.0	6.0	0.0	NaN	0.0	1.200000000000002	
21	9	0.9642872409120363	20.0	0.25805881745240405	1019522.0502536431	95.98011038377939	0.0	0.0	4.8214362045601815	0.8730385917177861	
21	16	0.0	20.0	0.0	0.0	6.0	0.0	NaN	0.0	1.200000000000002	
22	9	1.154318584464139	20.0	0.28528301995512995	1157212.5316352122	115.501825993513	0.0	0.0	5.771592922320695	0.8330335752357872	
22	16	0.0	20.0	0.0	0.0	6.0	0.0	NaN	0.0	1.200000000000002	
23	9	1.359136044047124	20.0	0.3101532448945957	1313162.451183431	137.6100103736514	0.9003180166378002	0.007284218977140102	6.79568022023562	0.7881092755383343	
23	16	0.0	20.0	0.0	0.0	6.0	0.0	NaN	0.0	1.200000000000002	
24	9	1.5631957333415474	20.0	0.3325617376893394	1418342.5211249334	161.4024365082804	3.3885969381313124	0.02325497036157983	7.8159786667077364	0.7475494761052007	
24	16	0.0	20.0	0.0	0.0	6.0	0.0	NaN	0.0	1.200000000000002	
25	9	1.7621271008235992	20.0	0.3512374878978082	1536917.2535659515	187.101207724164	8.097324160297296	0.04769808771075293	8.810635504117997	0.7133537249702216	
25	16	0.0	20.0	0.0	0.0	6.0	0.0	NaN	0.0	1.200000000000002	
26	9	1.9492139059696545	20.0	0.3654737006491929	1627923.5384637343	214.21302870516948	15.202217468568666	0.07784678461466685	9.746069529848272	0.6822218088862597	
26	16	0.0	20.0	0.0	0.0	6.0	0.0	NaN	0.0	1.200000000000002	
27	9	2.1234819687566033	20.0	0.37870493898426577	1692299.285166058	242.26427084582875	24.312019072731445	0.1096141721049303	10.617409843783017	0.6555725454143742	
27	16	0.0	20.0	0.0	0.0	6.0	0.0	NaN	0.0	1.200000000000002	
28	9	2.286080456508639	20.0	0.3879875777806295	1752307.0564520718	271.17248506205897	35.23351030194898	0.14138939973732834	11.430402282543195	0.6348055904039531	
28	16	0.0	20.0	0.0	0.0	6.0	0.0	NaN	0.0	1.200000000000002	
29	9	2.4367341731658145	20.0	0.39711167263013186	1794008.4746893987	300.6128598291691	47.73094488485765	0.17221971820554802	12.183670865829072	0.6141137388467522	
29	16	0.0	20.0	0.0	0.0	6.0	0.0	NaN	0.0	1.200000000000002	
30	9	2.5786429749697675	20.0	0.40458810868726147	1857767.792260041	330.9662368295956	61.8860035019944	0.20223223160575182	12.893214874848837	0.5975359852911132	
30	16	0.0	20.0	0.0	0.0	6.0	0.0	NaN	0.0	1.200000000000002	
31	9	2.7095768583639748	20.0	0.41080824973667285	1880089.164492045	361.50429087845936	77.28179661285546	0.23063477224333231	13.547884291819873	0.584737765763669	
31	16	0.0	20.0	0.0	0.0	6.0	0.0	NaN	0.0	1.200000000000002	
32	9	2.830115538976098	20.0	0.41624617830901256	1895771.3412103658	392.1100710960262	93.77470311252763	0.257454596412177	14.150577694880491	0.5722764658664112	
32	16	0.0	20.0	0.0	0.0	6.0	0.0	NaN	0.0	1.200000000000002	
33	9	2.941778869112418	20.0	0.4208790254709689	1923664.0538853048	422.99592628195853	111.4169161387204	0.2830176011418184	14.708894345562088	0.5624936874278549	
33	16	0.0	20.0	0.0	0.0	6.0	0.0	NaN	0.0	1.200000000000002	
34	9	3.0427474722703898	20.0	0.424129259129712	1914880.2292055883	453.5207737456144	129.79133947963504	0.3069971592667027	15.21373736135195	0.5539770661575972	
34	16	0.0	20.0	0.0	0.0	6.0	0.0	NaN	0.0	1.200000000000002	
35	9	3.136038142248104	20.0	0.4271824502681959	1955461.5082150202	484.5473768434701	149.39926133204693	0.33026586293094473	15.68019071124052	0.54604946634702	
35	16	0.0	20.0	0.0	0.0	6.0	0.0	NaN	0.0	1.200000000000002	
36	9	3.22097813169693	20.0	0.4293232960126575	1981337.614907863	515.8160766016692	170.06576672041965	0.35270644653298017	16.10489065848465	0.5398500211707923	
36	16	0.0	20.0	0.0	0.0	6.0	0.0	NaN	0.0	1.200000000000002	
37	9	3.2966566366138097	20.0	0.43129832312063077	1980595.8849660542	546.8613486333401	191.4489336579105	0.37409233519564855	16.483283183069048	0.534235448753535	
37	16	0.0	20.0	0.0	0.0	5.897323697632145	0.0	NaN	0.0	1.200000000000002	
38	9	3.363994129735903	20.0	0.4327370705198052	1996423.773266821	577.9734716978837	213.72796996578003	0.3947543058159428	16.819970648679515	0.5290447541222593	
38	16	0.023606269372704675	20.0	0.0	0.0	4.600316823304576	0.0	0.0	0.11803134686352337	1.200000000000002	
39	9	3.4229406159764473	20.0	0.43333377763450714	2000576.793023184	608.9485266121496	236.7202890266458	0.4146218070274585	17.114703079882236	0.5238202338478647	
39	16	0.03992192334963129	20.0	0.0011638726941155995	12339.835149424753	4.0639960374038235	0.0	0.0	0.19960961674815644	0.12439231889569051	
40	9	3.4744760275259297	20.0	0.43425160438093885	2022377.4459951345	640.0949983647022	260.6185799575433	0.43393559261033887	17.372380137629648	0.5206281076308492	
40	16	0.04188629113298603	20.0	0.001900562532470388	12041.000632210627	4.246510408999678	0.0	0.0	0.20943145566493016	0.14712485157601718	
41	9	3.5191707477686665	20.0	0.4356993924579591	2045819.1800829484	671.4403336734293	285.3961379420456	0.452698882003931	17.59585373884333	0.516795422940078	
41	16	0.04400608012136725	20.0	0.0020762113098747406	13144.141690343657	4.4469984765399335	0.0	0.0	0.22003040060683626	0.16482495565706348	
42	9	3.5569851401657764	20.0	0.43564961300679156	2047487.0512453355	702.6037197767621	310.70608353048675	0.4707045729985384	17.784925700828882	0.5151737976629566	
42	16	0.04641712213763507	20.0	0.0023478100849660343	14487.744975576565	4.669553122720415	0.0	0.0	0.23208561068817535	0.12665386317966007	
43	9	3.5883565612694226	20.0	0.4362046440107361	2063451.5998941504	733.8355434801153	336.74065499888405	0.488176776816207	17.941782806347113	0.5129092450834888	
43	16	0.04929170407285298	20.0	0.002633803625802444	16296.646307870318	4.922134991085971	0.0	0.0	0.2464585203642649	0.14403670884938016	
44	9	3.6134830818731545	20.0	0.43593962889141125	2085582.1759487477	765.2428053405554	363.58272028635554	0.5052233107133052	18.067415409365772	0.5105647557778243	
44	16	0.05278567067980013	20.0	0.002978801994715348	18457.547767071603	5.210676582508597	0.0	0.0	0.26392835339900067	0.17209454639219338	
45	9	3.6325530391596965	20.0	0.43719298856701777	2106030.1668538493	796.7950002817248	391.1887269083762	0.521848103559079	18.16276519579848	0.5096931551686258	
45	16	0.05677985638071377	21.8	0.003278994984535471	20534.464376816435	5.5334721315357305	0.0	0.0	0.28389928190356883	0.18380257243046022	
46	9	3.64628803084804	20.0	0.43767956828470145	2137317.0161574627	828.6800518047396	419.66899634707187	0.5381101237288965	18.2314401542402	0.5086394142810476	
46	16	0.061121725223240296	22.6	0.0035392768017504382	22553.355463084532	5.88927977402265	0.0	0.0	0.3056086261162015	0.14783289633619337	
47	9	3.655650396340602	20.0	0.43718504652742896	2152226.902649075	860.6103020662822	448.66724625729603	0.5537770747423592	18.27825198170301	0.5081281870717052	
47	16	0.06452973054442081	22.6	0.0037554986815328904	24552.200097631438	6.18585838659847	0.0	0.0	0.322648652722104	0.16165246826672672	
48	9	3.6614627502338117	20.0	0.43722721624133626	2169023.6367457057	892.6183306930304	478.1392664635931	0.5688373368564595	18.30731375116906	0.5076693941452503	
48	16	0.06804521708231291	22.0	0.0040265897543862485	26388.837746054953	6.502575510416899	0.0	0.0	0.34022608541156457	0.16404575556896475	
49	9	3.664466407352589	20.0	0.436946803521222	2158099.7236130843	924.2204997499451	507.56324798853876	0.5830583741545936	18.322332036762944	0.508219344645999	
49	16	0.07273937205659294	23.6	0.0042071317249255955	27620.912534804724	6.9052057361268835	0.0	0.0	0.36369686028296466	0.16865853282875976	
50	9	3.665691446481844	20.0	0.4367179928995093	2180646.123338807	956.002860757332	537.3948568611572	0.5966793843882038	18.32845723240922	0.508774654875101	
50	16	0.07563140332286394	25.6	0.004494148697583609	29609.326348440623	7.19641603637361	0.0	0.0	0.3781570166143197	0.1291697159709611	
51	9	3.6659557329742056	20.0	0.43678078617503857	2149355.1624623206	987.0259252959007	566.6653167363196	0.6092925108317663	18.32977866487103	0.5081399682415509	
51	16	0.07878661602833306	23.8	0.004808271379936328	31105.00370170885	7.527021771848271	0.0	0.0	0.3939330801416653	0.1343303171188845	
52	9	3.6659557329742056	20.0	0.43579247787753445	2130573.453342377	1017.5128156887216	595.4994270284194	0.6210112414947646	18.32977866487103	0.5085416759325115	
52	16	0.08260380159747235	25.6	0.004943698442020555	32352.96720334424	7.904679175868596	0.0	0.0	0.41301900798736174	0.13694326687237968	
53	9	3.6659557329742056	20.0	0.4354908013093203	2127293.1003868855	1047.7372984753238	624.1107747816739	0.6319829619975205	18.32977866487103	0.5098696494147436	
53	16	0.08759349065072652	25.6	0.005332725321337581	34341.839130870554	8.380857534842004	0.0	0.0	0.4379674532536326	0.10351942898026181	
54	9	3.6659557329742056	20.0	0.4348398483940413	2107694.9278355855	1077.4167538765093	652.210283589106	0.6421647839193143	18.32977866487103	0.5092708142472272	
54	16	0.09291708065990965	25.4	0.005681911962831872	36469.06208370985	8.917490100976218	0.0	0.0	0.4645854032995483	0.10794267429311154	
55	9	3.6659557329742056	20.0	0.4340917069755695	2083184.515860315	1106.4692407044458	679.7051255323205	0.6515965393491101	18.32977866487103	0.5109143149453779	
55	16	0.09738220067289653	26.8	0.0061067495697186246	38716.70660850654	9.41214205990271	0.0	0.0	0.4869110033644827	0.1116348176646758	
56	9	3.6659557329742056	20.0	0.4337263428021231	2092985.1325337265	1135.4969509464156	707.1623784854703	0.6605319439488434	18.32977866487103	0.5100008013992055	
56	16	0.10282271876421323	27.2	0.006429718305398265	41434.29725451178	9.976353544579776	0.0	0.0	0.5141135938210661	0.11499587934866304	
57	9	3.6659557329742056	20.0	0.43290693892320403	2102659.079064748	1164.4978437962213	734.5768233344577	0.6690075777510144	18.32977866487103	0.5103590605538401	
57	16	0.10796165453694224	29.0	0.006939142949659502	44114.139267459876	10.536632243326931	0.0	0.0	0.5398082726847112	0.09693644657518316	
58	9	3.6659557329742056	20.0	0.43242397739107086	2098721.6961466745	1193.2348820833627	761.721040363992	0.6769927341340323	18.32977866487103	0.5109710155161793	
58	16	0.11480969325836672	28.0	0.007534336170033344	48170.7786880085	11.246081675667822	0.0	0.0	0.5740484662918336	0.09728273550873638	
59	9	3.6659557329742056	20.0	0.43169151870067596	2089280.7745040539	1221.6139266240023	788.5026969842495	0.6845024158606839	18.32977866487103	0.5115136855996778	
59	16	0.12215908379749756	27.2	0.007827432105197268	50960.05340230865	12.000727695474712	0.0	0.0	0.6107954189874878	0.1036473508784304	
60	9	3.6659557329742056	20.0	0.4308609414289483	2076925.6796908204	1249.5865993385946	814.872493418615	0.6915630702013008	18.32977866487103	0.5113598456718808	
60	16	0.13057260658050943	29.0	0.008705843591544589	54721.715108781216	12.830948971032967	0.0	0.0	0.6528630329025471	0.10920632854348171	
61	9	3.6659557329742056	20.0	0.429652623229391	2070057.2719610971	1277.2512576852941	840.9190877671163	0.6982336546270427	18.32977866487103	0.51339395331109	
61	16	0.14009289267508404	35.0	0.009378651674727742	59338.27804222812	13.758090956252246	0.0	0.0	0.7004644633754202	0.09522041628869746	
62	9	3.6659557329742056	20.0	0.42882229352115386	2065514.0902077998	1304.6504991621337	866.6777849382408	0.7045526859314285	18.32977866487103	0.5135128281179316	
62	16	0.15003965595869476	27.4	0.010117201778792448	64263.54061999569	14.736684171644583	0.0	0.0	0.7501982797934738	0.10180165991582879	
63	9	3.6659557329742056	20.0	0.4279179424318493	2049726.0400494258	1331.5901354387145	891.9607428222749	0.7105028371523032	18.32977866487103	0.5128387554487057	
63	16	0.16086834745560633	29.0	0.01086991335669263	69174.5436448657	15.818727817032393	0.0	0.0	0.8043417372780316	0.10549276970751743	
64	9	3.6659557329742056	20.0	0.42670447858704463	2045798.3965864559	1358.2799632707142	916.9587216334578	0.7161548922248	18.32977866487103	0.5126938483659046	
64	16	0.1722689985639108	31.0	0.011717307079441564	74585.57541306104	16.95899598400012	0.0	0.0	0.8613449928195541	0.11059141031484328	
65	9	3.6659557329742056	20.0	0.4254328123077816	2000176.048721075	1383.9950107280445	940.9863606745708	0.7213833705328189	18.32977866487103	0.5134422142239087	
65	16	0.18367017926999246	31.8	0.012798513290115603	78557.29627370652	18.134998229633574	0.0	0.0	0.9183508963499624	0.10016396200247714	
66	9	3.6659557329742056	20.0	0.4243615824772303	1967155.0368281617	1408.9614556114625	964.2484911544603	0.726264975748089	18.32977866487103	0.513273240000205	
66	16	0.19599715609607515	30.4	0.01379258808602106	83977.10808605695	19.421385513884722	0.0	0.0	0.9799857804803758	0.10561975526987205	
67	9	3.6659557329742056	20.0	0.42319577523111784	1977069.946477421	1433.9326230366976	987.436577854716	0.7309637209588562	18.32977866487103	0.5127373300755163	
67	16	0.20896296369610715	32.2	0.014810410951556047	91181.21642832647	20.832989929898474	0.0	0.0	1.0448148184805357	0.1103256103003159	
68	9	3.6659557329742056	20.0	0.4219758474224436	1957991.2964498636	1458.4031826132903	1010.0668777644305	0.7353964640821147	18.32977866487103	0.5131925166776389	
68	16	0.22205304499488668	31.4	0.015959146490138895	97060.71276554918	22.289081717917316	0.0	0.0	1.1102652249744334	0.11464208961715006	
69	9	3.6659557329742056	20.0	0.420984982396327	1952120.071210044	1482.6066829041838	1032.3377815868032	0.7396184756130768	18.32977866487103	0.5146025064806123	
69	16	0.2354277385307594	33.6	0.01702142114592471	103810.85705573358	23.815596753355006	0.062052129428288194	0.002942023147787942	1.177138692653797	0.10779290519928539	
70	9	3.6659557329742056	20.0	0.4196108554844776	1931301.8931129393	1506.2844268559688	1053.9876355412348	0.7435955747491975	18.32977866487103	0.5142029076550614	
70	16	0.2502130868309856	33.0	0.018187790811261886	110246.21759925174	25.507443991275363	0.1856803456809586	0.008234241937483656	1.2510654341549279	0.11092151113851047	
71	9	3.6659557329742056	20.0	0.41780421181987	1932375.8270640303	1529.821488713414	1075.334695842804	0.7473998588842619	18.32977866487103	0.5147324317817056	
71	16	0.26579242804160963	34.8	0.019407693721075158	118124.66308733172	27.338850808923866	0.37588269984092293	0.015582931461876719	1.328962140208048	0.1143959235796525	
72	9	3.6659557329742056	20.0	0.4169902302844756	1934822.0266137035	1553.2427313383378	1096.3483421507135	0.7510360544185296	18.32977866487103	0.5125403153639839	
72	16	0.28164808899116994	31.6	0.020424183311493198	126115.04707409206	29.275119231024583	0.6111795205013547	0.023692986991760798	1.4082404449558497	0.11587997190141776	
73	9	3.6659557329742056	20.0	0.41599576707454594	1907691.4427984064	1576.0334714284013	1116.4895561572748	0.7544243644595351	18.32977866487103	0.5155182419083064	
73	16	0.29681230448359336	35.8	0.021546609395539894	131265.85863601224	31.236889144022854	0.9445002776379958	0.03434549001824747	1.4840615224179667	0.109455581375158	
74	9	3.6659557329742056	20.0	0.4139623966767908	1897187.1327540572	1598.4877155608965	1135.887627417144	0.7576015994805915	18.32977866487103	0.5149407994786007	
74	16	0.31294615272496457	35.6	0.02273930337964674	137825.1701544718	33.3619835601464	1.3701932935442125	0.04666521418392794	1.5647307636248229	0.11256973354209154	
75	9	3.6659557329742056	20.0	0.412664374517164	1877573.6952685632	1620.495973841563	1154.075159757534	0.7605067759830371	18.32977866487103	0.5138060841596706	
75	16	0.329114517492764	34.4	0.02388813377892474	143937.66255931833	35.5975534837133	1.8750053269275697	0.05984877791034004	1.6455725874638198	0.11538791837920512	
76	9	3.6659557329742056	20.0	0.41134989967195784	1879210.2972450356	1643.4178976723495	1169.498081938424	0.7629163334958425	18.32977866487103	0.5136102490146623	
76	16	0.34604228122396563	40.6	0.025072824483728252	151947.62043817193	37.98928576472126	2.420671121228424	0.07234988341848621	1.7302114061198282	0.11682805355777673	
77	9	3.6659557329742056	20.0	0.41033331525168776	1873779.9507809225	1667.944743657492	1180.5044255332891	0.7646064437459321	18.32977866487103	0.5153277994590796	
77	16	0.3619160065657811	40.0	0.026010427019570525	158111.56624434964	40.3864003271142	3.044718082405825	0.08552266662616502	1.8095800328289056	0.11078015000021127	
78	9	3.6659557329742056	20.0	0.4092628397403416	1879353.9733908114	1694.3624402619964	1187.2153631072292	0.7656251863595792	18.32977866487103	0.5143860959836195	
78	16	0.3774069911534502	41.0	0.02694499502283614	165031.0501489499	42.82146390552194	3.7512811431388258	0.09929300408618617	1.8870349557672512	0.1122511916903685	
79	9	3.6659557329742056	20.0	0.40829221836472457	1853709.992693551	1721.6306870751905	1190.2723347911372	0.7660863273495621	18.32977866487103	0.514660687507136	
79	16	0.3934929885285584	40.4	0.0281368444457728	169439.38753461975	45.347263028907214	4.524272242729722	0.11297980204514378	1.9674649426427921	0.11347557067994865	
80	9	3.6659557329742056	20.0	0.4077105106710757	1845576.506866509	1749.6890858554689	1190.9231184342448	0.766184263208883	18.32977866487103	0.5134494165490644	
80	16	0.409711724058962	37.4	0.029011627463172384	175372.24045476128	47.957887379356904	5.35894374355818	0.12643299104325592	2.04855862029481	0.11451917114848284	
81	9	3.6659557329742056	20.0	0.4069640557030534	1813076.9928302944	1777.0446039545557	1190.9231184342448	0.766184263208883	18.32977866487103	0.5165893077159341	
81	16	0.4264144721511928	38.4	0.02972767752611361	177374.38053017968	50.65261762765651	6.2260949161856605	0.13890253628633545	2.132072360755964	0.10923446575902857	
82	9	3.6659557329742056	20.0	0.40613876704326723	1808465.51690119	1804.107976927477	1190.9231184342448	0.766184263208883	18.32977866487103	0.5155030107957789	
82	16	0.44304919116793195	42.0	0.030736408892369206	182783.39018882	53.36883038096564	7.133316010404075	0.15085992295996828	2.2152459558396598	0.10959302416672538	
83	9	3.6659557329742056	20.0	0.40563926215964774	1796297.485689272	1830.6850292745737	1190.9231184342448	0.766184263208883	18.32977866487103	0.5147069361898676	
83	16	0.4611627248821212	40.2	0.03158015463197879	187519.4840744547	56.222457667335426	8.068692348684026	0.16176125899554525	2.305813624410606	0.11010668387701522	
84	9	3.6104626097994874	20.0	0.4023618236290367	1778658.4901943742	1853.4258557764952	1190.9231184342448	0.7677711997878993	18.052313048997437	0.5149983674040653	
84	16	0.47815057766582986	39.0	0.03243657078852605	192537.15371175716	59.039804106535065	9.016746611307394	0.17196065282418038	2.3907528883291493	0.11078963435319036	
85	9	3.49869850232632	20.0	0.39783500178441455	1756347.0839491454	1872.2035110108159	1190.9231184342448	0.7709873534021132	17.4934925116316	0.5168251294530143	
85	16	0.49621441076308265	39.4	0.03364009394998168	198849.33104270228	61.96656967557286	9.939416774748373	0.18039482809872792	2.481072053815413	0.11361274090392151	
86	9	3.49869850232632	20.0	0.39970946923043543	1737346.7545830805	1896.8765174298783	1190.9231184342448	0.7709873534021132	17.4934925116316	0.5220802952450618	
86	16	0.5130220730492981	38.0	0.03544707107698367	205011.0667473086	64.82684756340933	10.862884347435902	0.18827780632585595	2.5651103652464906	0.11139432112835808	
87	9	3.3257218469554046	20.0	0.3899747195222829	1700784.9724301018	1910.4383222603797	1190.9231184342448	0.7760184441573927	16.628609234777024	0.5230656885372348	
87	16	0.5346439734230342	35.2	0.03624990427881101	212696.0689661636	68.03706761396379	11.792045133077105	0.19447711541316784	2.673219867115171	0.10965686576446049	
88	9	3.108584743567783	20.0	0.3813964678837839	1666298.196894011	1920.5171136322963	1190.9231184342448	0.7824276710009928	15.542923717838914	0.5302777402802632	
88	16	0.5575342684106259	41.0	0.03893065131162995	225101.586646024	71.40196897194983	12.783811168441046	0.20066052918990548	2.7876713420531294	0.11542275511999518	
89	9	2.949757879880015	20.0	0.3749501390075767	1630237.5463572226	1933.0416356932135	1190.9231184342448	0.7871832055300909	14.748789399400074	0.5356181797741008	
89	16	0.5828792463047268	41.4	0.04237808166874283	240879.9838397054	75.05182128724114	13.847773386101284	0.20655657714975448	2.9143962315236336	0.11936758959336646	
90	9	2.7823354710651844	20.0	0.36812817913203894	1611102.1393148869	1944.5626247061398	1190.9231184342448	0.7922590931325061	13.911677355325923	0.5459358456329388	
90	16	0.6108841550042075	40.0	0.04573145750788618	260878.8259142378	79.08509885762366	15.053359304224927	0.21293725603841707	3.0544207750210375	0.11822269027586944	
91	9	2.7823354710651844	20.0	0.3712045846708719	1612558.5379827	1965.8268095242288	1190.9231184342448	0.7922590931325061	13.911677355325923	0.549574075258528	
91	16	0.6404478480697253	43.2	0.0494091969540627	277730.0451827818	83.36086851347893	16.29592630137754	0.2186277953726651	3.202239240348627	0.12365936269423455	
92	9	2.6760703923556304	20.0	0.36407541047714903	1590625.7925708562	1980.274349170985	1190.9231184342448	0.7955149213971192	13.380351961778151	0.5513525116038936	
92	16	0.67173013389859	44.0	0.05081320662065758	291747.94271756324	87.87487626217909	17.58066468525264	0.22381414957813317	3.3586506694929503	0.12521774760690177	
93	9	2.538757326039116	20.0	0.35631405188787185	1570885.3602074615	1992.389542731263	1190.9231184342448	0.7997618625596032	12.69378663019558	0.5547221221409816	
93	16	0.7046385368873963	39.0	0.05386330056411158	308248.0339779239	92.70057879435582	18.90540771089885	0.22834723381033586	3.5231926844369816	0.12924987566912038	
94	9	2.3535277429999057	20.0	0.34536824109446224	1531810.9503481495	2000.7112414172352	1190.9231184342448	0.8055631715959114	11.767638714999528	0.566473567972268	
94	16	0.7382368098896885	44.8	0.05766570470301598	328640.64071659034	97.86856195022867	20.33453548410678	0.2330813183526129	3.691184049448443	0.1283034431462541	
95	9	2.212893801379017	20.0	0.33800329316842903	1483853.5804530878	2010.4017247597155	1190.9231184342448	0.8100242838283294	11.064469006895086	0.5761962049205619	
95	16	0.7735697237408293	43.2	0.06201088080098157	345073.35104264517	103.29059641028054	21.779605489127377	0.2368646015225896	3.8678486187041465	0.1325272965094948	
96	9	2.0216573085948424	20.0	0.3241555358972086	1418372.3320495873	2015.4749934728993	1190.9231184342448	0.816170460498284	10.108286542974211	0.5841728939200188	
96	16	0.8113667310814595	44.6	0.06709079962839032	365124.5814074506	109.04510310834527	23.260995186046852	0.23995704733112527	4.0568336554072975	0.13715986074670455	
97	9	2.0216573085948424	20.0	0.32735803712468686	1443057.466379991	2032.362447439395	1190.9231184342448	0.816170460498284	10.108286542974211	0.5912874589910898	
97	16	0.8521245238926956	44.6	0.0736743235445579	394272.65764596086	115.29236439241818	24.850845130480053	0.2429748243437532	4.2606226194634775	0.1462794103891351	
98	9	1.8283216574211605	20.0	0.30876915942051714	1371113.2973837901	2036.129440238549	1190.9231184342448	0.8224796465665133	9.141608287105802	0.59938202248399	
98	16	0.894840992705921	46.4	0.0753666503594558	414803.52564039116	121.90657962860003	26.577535257469872	0.24647677632341505	4.474204963529605	0.14222012737482392	
99	9	1.6078171381864963	20.0	0.2887712309039334	1288300.3336966955	2036.2451287243082	1190.9231184342448	0.8297955695385847	8.039085690932481	0.6143262721571451	
99	16	0.9393111893356887	44.8	0.08247324733645847	433258.45492652955	128.8484598199196	28.414672085925865	0.25007404308236114	4.696555946678443	0.15116236709037495	
100	9	1.416924132389002	20.0	0.2704524132728722	1249627.1190280637	2034.5271351638355	1190.9231184342448	0.8362349606920652	7.08462066194501	0.6293002168764021	
100	16	0.9876333081455801	42.6	0.09208805564713755	476915.36649521225	136.56386739854622	30.378204728574286	0.2531881546053766	4.9381665407279005	0.1598191946531936	
1	9	0.0	20.0	0.0	0.0	5.5	0.0	NaN	0.0	1.200000000000002	
1	16	0.0	20.0	0.0	0.0	6.0	0.0	NaN	0.0	1.200000000000002	
2	9	0.0	20.0	0.0	0.0	5.418112928816671	0.0	NaN	0.0	1.200000000000002	
2	16	0.0	20.0	0.0	0.0	6.0	0.0	NaN	0.0	1.200000000000002	
3	9	0.0037048284111679494	20.0	0.0	0.0	5.092352763369826	0.0	0.0	0.018524142055839746	1.200000000000002	
3	16	0.0	20.0	0.0	0.0	6.0	0.0	NaN	0.0	1.200000000000002	
4	9	0.012050250666222723	20.0	0.0017051530149661553	5066.867057226818	4.681239770149392	0.0	0.0	0.06025125333111361	1.2045904110654342	
4	16	0.0	20.0	0.0	0.0	6.0	0.0	NaN	0.0	1.200000000000002	
5	9	0.021826920000527276	20.0	0.004752794330195865	16489.363455802526	4.495815849515871	0.0	0.0	0.10913460000263638	1.148325478895734	
5	16	0.0	20.0	0.0	0.0	6.0	0.0	NaN	0.0	1.200000000000002	
6	9	0.03404039744113715	20.0	0.008471068375575303	28867.468197637303	4.580318628476236	0.0	0.0	0.17020198720568575	1.105816550322659	
6	16	0.0	20.0	0.0	0.0	6.0	0.0	NaN	0.0	1.200000000000002	
7	9	0.04608820903008954	20.0	0.012540020430793278	43734.62878091512	5.124278166711899	0.0	0.0	0.2304410451504477	1.069221619995033	
7	16	0.0	20.0	0.0	0.0	6.0	0.0	NaN	0.0	1.200000000000002	
8	9	0.05691819010120962	20.0	0.016979322527009556	58100.98795276253	6.1023632200948175	0.0	0.0	0.2845909505060481	1.0272271355040978	
8	16	0.0	20.0	0.0	0.0	6.0	0.0	NaN	0.0	1.200000000000002	
9	9	0.07007929050514333	20.0	0.021347165401697517	71175.73430888269	7.3017299614029785	0.0	0.0	0.35039645252571666	0.9965190585222244	
9	16	0.0	20.0	0.0	0.0	6.0	0.0	NaN	0.0	1.200000000000002	
10	9	0.08659690645984705	20.0	0.027877774901964993	90100.07318378058	8.822835186746811	0.0	0.0	0.4329845322992352	1.0045984879342669	
10	16	0.0	20.0	0.0	0.0	6.0	0.0	NaN	0.0	1.200000000000002	
11	9	0.10784926400894781	20.0	0.03693320262644617	117032.47741026909	10.803077195276703	0.0	0.0	0.539246320044739	1.0215625858605977	
11	16	0.0	20.0	0.0	0.0	6.0	0.0	NaN	0.0	1.200000000000002	
12	9	0.13472169843056264	20.0	0.04818467879662584	149362.99498218897	13.33344318162789	0.0	0.0	0.6736084921528133	1.036977923027686	
12	16	0.0	20.0	0.0	0.0	6.0	0.0	NaN	0.0	1.200000000000002	
13	9	0.16926880679885967	20.0	0.06296743899453502	193756.2469713481	16.62045856409595	0.0	0.0	0.8463440339942984	1.0417887793182203	
13	16	0.0	20.0	0.0	0.0	6.0	0.0	NaN	0.0	1.200000000000002	
14	9	0.21408790238268915	20.0	0.07953401539260915	253547.29198030126	20.92738169978346	0.0	0.0	1.0704395119134458	1.0557767453572482	
14	16	0.0	20.0	0.0	0.0	6.0	0.0	NaN	0.0	1.200000000000002	
15	9	0.2700564982403414	20.0	0.09916223204145087	319606.36299451004	26.35658547619433	0.0	0.0	1.3502824912017068	1.049327501974846	
15	16	0.0	20.0	0.0	0.0	6.0	0.0	NaN	0.0	1.200000000000002	
16	9	0.33989766704150554	20.0	0.1205847542034887	402419.0318876179	33.19249573374471	0.0	0.0	1.6994883352075276	1.0350554969898698	
16	16	0.0	20.0	0.0	0.0	6.0	0.0	NaN	0.0	1.200000000000002	
17	9	0.4251628579941903	20.0	0.14650494608860312	495742.7736123496	41.60882908127023	0.0	0.0	2.1258142899709513	1.0069437748201042	
17	16	0.0	20.0	0.0	0.0	6.0	0.0	NaN	0.0	1.200000000000002	
18	9	0.5277863752262953	20.0	0.1724576072132515	602083.14460702	51.82179940478049	0.0	0.0	2.6389318761314766	0.9794838397355109	
18	16	0.0	20.0	0.0	0.0	6.0	0.0	NaN	0.0	1.200000000000002	
19	9	0.6528460125153764	20.0	0.20000255637127928	739894.4483910508	64.36778590196874	0.0	0.0	3.2642300625768823	0.9488000392304181	
19	16	0.0	20.0	0.0	0.0	6.0	0.0	NaN	0.0	1.200000000000002	
20	9	0.8027042210783479	20.0	0.23020094465168062	894399.4681383458	79.52202012201306	0.0	0.0	4.01352110539174	0.9077069186207555	
20	16	0.0	20.0	0.0	0.0	6.0	0.0	NaN	0.0	1.200000000000002	
21	9	0.9753198207127507	20.0	0.259621504977924	1040352.4331608827	97.11789847358229	0.0	0.0	4.876599103563754	0.8703446710436056	
21	16	0.0	20.0	0.0	0.0	6.0	0.0	NaN	0.0	1.200000000000002	
22	9	1.169968795677286	20.0	0.2872223665667547	1185403.0020906504	117.12325688537388	0.0	0.0	5.8498439783864296	0.8247575222880944	
22	16	0.0	20.0	0.0	0.0	6.0	0.0	NaN	0.0	1.200000000000002	
23	9	1.3763768374884615	20.0	0.3122800285902156	1331791.9845314866	139.54520055475692	1.03958097371947	0.008290568553221632	6.881884187442307	0.7835227003215405	
23	16	0.0	20.0	0.0	0.0	6.0	0.0	NaN	0.0	1.200000000000002	
24	9	1.5823478439020753	20.0	0.33391256588184137	1444966.3007392236	163.7885971552534	3.768817958386587	0.025474542462175235	7.911739219510377	0.7439040949958433	
24	16	0.0	20.0	0.0	0.0	6.0	0.0	NaN	0.0	1.200000000000002	
25	9	1.7804209614152815	20.0	0.3517824286790231	1539102.2884741914	189.509385438641	8.574639632742837	0.04984721471490496	8.902104807076407	0.7105863685058502	
25	16	0.0	20.0	0.0	0.0	6.0	0.0	NaN	0.0	1.200000000000002	
26	9	1.9682626764753715	20.0	0.36645996398665726	1643676.9838221583	216.8795449828412	15.836155451769079	0.08006608214073824	9.841313382376857	0.6775265818083944	
26	16	0.0	20.0	0.0	0.0	6.0	0.0	NaN	0.0	1.200000000000002	
27	9	2.1420648346385542	20.0	0.3792798235999591	1698446.888465923	245.0199763203253	25.06459441231234	0.11170142689246129	10.71032417319277	0.6506575092525908	
27	16	0.0	20.0	0.0	0.0	6.0	0.0	NaN	0.0	1.200000000000002	
28	9	2.3044269328988825	20.0	0.38913212422486126	1761230.1855762452	274.0651510647523	36.12846365613292	0.14341213013024895	11.522134664494413	0.6299074158194928	
28	16	0.0	20.0	0.0	0.0	6.0	0.0	NaN	0.0	1.200000000000002	
29	9	2.4551177235173967	20.0	0.39797534451702593	1805650.8756789234	303.68895570308155	48.790873839140076	0.17421974268395388	12.275588617586983	0.6099003305328847	
29	16	0.0	20.0	0.0	0.0	6.0	0.0	NaN	0.0	1.200000000000002	
30	9	2.5969244309439796	20.0	0.405376464328583	1868195.2396509275	334.2033535621151	63.10755052199717	0.2041841524068377	12.984622154719899	0.5949790448681263	
30	16	0.0	20.0	0.0	0.0	6.0	0.0	NaN	0.0	1.200000000000002	
31	9	2.7245178649128428	20.0	0.41180827815746024	1847194.6484527353	364.1463310313835	78.28318170900239	0.23189838512285335	13.622589324564213	0.5802789425585925	
31	16	0.0	20.0	0.0	0.0	6.0	0.0	NaN	0.0	1.200000000000002	
32	9	2.8426450210200973	20.0	0.4171099577368212	1872848.5523670756	394.3348275875914	94.62811628242193	0.2583111832558987	14.213225105100486	0.5695055839180722	
32	16	0.0	20.0	0.0	0.0	6.0	0.0	NaN	0.0	1.200000000000002	
33	9	2.952009949539431	20.0	0.4210628100730457	1900601.5934897908	424.80377407554806	112.11107847855806	0.28355705259737907	14.760049747697154	0.5600209911254445	
33	16	0.0	20.0	0.0	0.0	6.0	0.0	NaN	0.0	1.200000000000002	
34	9	3.0521425923734014	20.0	0.42450094703697255	1914888.3005934805	455.3165917756825	130.5574760638689	0.3075815328861172	15.260712961867007	0.5514013557302866	
34	16	0.0	20.0	0.0	0.0	6.0	0.0	NaN	0.0	1.200000000000002	
35	9	3.143380291127785	20.0	0.4275567851652611	1931960.8683819175	485.92153721557423	149.97694785207358	0.33060371366126445	15.716901455638926	0.5440463373805019	
35	16	0.0	20.0	0.0	0.0	6.0	0.0	NaN	0.0	1.200000000000002	
36	9	3.226318098164969	20.0	0.4295755753192045	1956172.3228212546	516.7424064222746	170.42556457336553	0.35282532550780554	16.131590490824845	0.5374400707501337	
36	16	0.0	20.0	0.0	0.0	6.0	0.0	NaN	0.0	1.200000000000002	
37	9	3.300706232002195	20.0	0.431128872541161	1967828.154119315	547.5589268991051	191.7244249507947	0.37416386673269547	16.503531160010976	0.5314583544922217	
37	16	0.0	20.0	0.0	0.0	5.897323697632145	0.0	NaN	0.0	1.200000000000002	
38	9	3.366324015171508	20.0	0.43205120060527025	1971136.9872538298	578.2256567716008	213.7599812316305	0.3946583603721679	16.83162007585754	0.5267838455233762	
38	16	0.023606269372704675	20.0	0.0	0.0	4.600316823304576	0.0	0.0	0.11803134686352337	1.200000000000002	
39	9	3.4238675305039763	20.0	0.43314829797432625	1982214.5610794532	608.8789977321246	236.59244976515478	0.4144671626687918	17.11933765251988	0.522658938170751	
39	16	0.039902836019993504	20.0	0.0011614038254019958	12233.605350698117	4.062144668720807	0.0	0.0	0.19951418009996752	0.10304443088917363	
40	9	3.4746663379720766	20.0	0.4335281511921312	2021682.2341335039	640.0138214285817	260.55420661778015	0.4339063914905414	17.373331689860382	0.5174136180161432	
40	16	0.04195757939004902	20.0	0.0020085955921852004	12523.425203060946	4.253056064312917	0.0	0.0	0.2097878969502451	0.15626782638265563	
41	9	3.518717238111104	20.0	0.43382091446982374	2046034.72636173	671.3634597523675	285.40151972795235	0.45278292498661965	17.59358619055552	0.51542398703019	
41	16	0.04412908642800224	20.0	0.002126414617242377	13427.337202275148	4.458435586555726	0.0	0.0	0.2206454321400112	0.1778014775094596	
42	9	3.555871546074433	20.0	0.4344430908605042	2045846.9348550097	702.4987794880901	310.75277430626903	0.4708704418999514	17.779357730372165	0.5133865722540932	
42	16	0.04653053834712904	20.0	0.0023785207713796098	14441.369331673744	4.680105005244669	0.0	0.0	0.23265269173564518	0.12185667435752374	
43	9	3.586617463373598	20.0	0.4349840799824204	2067907.5197572627	733.8089672426046	336.924206697391	0.4884861454373636	17.93308731686799	0.5113493745489117	
43	16	0.049448358493640425	20.0	0.002736352980055992	16518.71830525054	4.936486100224535	0.0	0.0	0.24724179246820213	0.14890628853626073	
44	9	3.6110372164520816	20.0	0.435095719384469	2086097.3614956383	765.2253866473791	363.84688735621717	0.5056290128216581	18.05518608226041	0.509264415588794	
44	16	0.05294437691764262	20.0	0.002973318562410353	18472.813839014518	5.225197136471616	0.0	0.0	0.2647218845882131	0.16606224265430594	
45	9	3.629548110948812	20.0	0.4353868518130677	2113605.655107748	796.9097241574606	391.634797329364	0.5223956403670302	18.14774055474406	0.5084713830916467	
45	16	0.057023524308630016	22.2	0.003301194267226132	20934.05485614815	5.554858980019643	0.0	0.0	0.28511762154315007	0.1741925080192052	
46	9	3.6428060915280973	20.0	0.4353313489559887	2142553.5576405777	828.8852655948506	420.2509408817974	0.5387512194957338	18.214030457640487	0.5080168738871609	
46	16	0.0614869447351719	23.0	0.003559057483824834	23133.164594978447	5.920627536600853	0.0	0.0	0.3074347236758595	0.13009711923952216	
47	9	3.651807200030093	20.0	0.43544875783227543	2154088.048230772	860.8465703279096	449.3188404480569	0.5544580825936193	18.259036000150466	0.5074370358586456	
47	16	0.06537192973089948	21.2	0.0038128353359130674	24992.914686801894	6.250315409848722	0.0	0.0	0.3268596486544974	0.1342669716014016	
48	9	3.657274462139644	20.0	0.43504834621284744	2148541.70926393	892.4960501838459	478.49377436696085	0.5693683941737702	18.28637231069822	0.5073643180865723	
48	16	0.06921668481644129	21.4	0.00418809359019808	27100.25940065467	6.591171479029161	0.0	0.0	0.34608342408220644	0.14932520709251393	
49	9	3.660102790297908	20.0	0.4350870247386495	2148153.6506521776	923.925702671428	507.77892692574613	0.5835246144305047	18.300513951489542	0.5075255309559172	
49	16	0.0739352354169685	23.4	0.004382688623740243	28900.531655336956	6.999744783513161	0.0	0.0	0.3696761770848425	0.15025839864839646	
50	9	3.6613040762813887	20.0	0.4347828703452896	2149682.971493221	955.1704236809088	537.1130647343673	0.5969205803320178	18.306520381406944	0.5084385288160943	
50	16	0.07718793973779464	24.0	0.004565414484182646	30147.202714156127	7.3210087608550936	0.0	0.0	0.3859396986889732	0.09320690049590218	
51	9	3.661595705337973	20.0	0.4335395233715118	2133893.854618764	985.929633131231	566.1374975432285	0.6094369718489883	18.307978526689865	0.5088999383497989	
51	16	0.0817094202493183	23.6	0.004937758708546905	32217.72475339445	7.7451729800991505	0.0	0.0	0.4085471012465915	0.10254318409947855	
52	9	3.661595705337973	20.0	0.43338356966807307	2119911.0271953708	1016.2380794265113	594.8040727304906	0.6210997968160956	18.307978526689865	0.5083058820789499	
52	16	0.08741165752937748	26.4	0.0052076608832084224	34299.03694708844	8.25657174509914	0.0	0.0	0.43705828764688737	0.10726801091340005	
53	9	3.661595705337973	20.0	0.4329226890901647	2113054.056054942	1046.2229862425756	623.1863375485174	0.6319965456792977	18.307978526689865	0.5100343652323049	
53	16	0.0924572366595625	25.6	0.005596238749575761	36142.90910808502	8.744854778141097	0.0	0.0	0.4622861832978125	0.07371820160991076	
54	9	3.661595705337973	20.0	0.4322143289565209	2088102.0155704431	1075.5711715024713	650.9710738447878	0.6420817997438097	18.307978526689865	0.5113854500665155	
54	16	0.09771080355606321	27.4	0.006038431379297911	38608.898359912346	9.288694606143391	0.0	0.0	0.48855401778031604	0.07800039018391676	
55	9	3.661595705337973	20.0	0.4314322133714611	2069643.015298353	1104.4000820608162	678.2529165654825	0.6514607464148009	18.307978526689865	0.5099955529960954	
55	16	0.10211262815516972	26.2	0.006371799451775681	40557.81775457542	9.787705541140395	0.0	0.0	0.5105631407758486	0.08107798663971652	
56	9	3.661595705337973	20.0	0.4307323802035839	2071690.9121363845	1133.0706070574588	705.3705631037517	0.66030850475063	18.307978526689865	0.5113741697337061	
56	16	0.1072614235755082	27.6	0.006819486296270406	43314.67080964297	10.338091478631906	0.0	0.0	0.536307117877541	0.08590205113238826	
57	9	3.661595705337973	20.0	0.43028429921088945	2079280.8041903873	1161.6803984149456	732.4131934116972	0.6686954892332846	18.307978526689865	0.513076666033495	
57	16	0.11461947751933584	25.8	0.007470399609380747	46921.872981296736	11.064046660444133	0.0	0.0	0.5730973875966792	0.06840421155731495	
58	9	3.661595705337973	20.0	0.4295426927975131	2070275.9979677654	1189.9406532543592	759.1046102901498	0.6765770937383423	18.307978526689865	0.5133757511947572	
58	16	0.12156019571811563	29.0	0.007946353881803137	50560.32091999974	11.793679512473364	0.0	0.0	0.6078009785905781	0.07448489404952852	
59	9	3.661595705337973	20.0	0.4288476848239553	2060926.6431883716	1217.8477198770713	785.4379781517521	0.6839939099867335	18.307978526689865	0.5132458269692495	
59	16	0.12803231885330696	26.4	0.008584068855959586	54215.64630657427	12.503193958691124	0.0	0.0	0.6401615942665349	0.07796512849225365	
60	9	3.661595705337973	20.0	0.4275431377843942	2061556.991241776	1245.5779018079413	811.5758122642412	0.6910267512445375	18.307978526689865	0.5123887968808396	
60	16	0.13684351499516798	31.8	0.009437736387403955	59058.15861072632	13.38151923313759	0.0	0.0	0.6842175749758399	0.08445759006288757	
61	9	3.661595705337973	20.0	0.4272123487040948	2053226.1008269698	1272.9762137291384	837.367745816134	0.6976662650109291	18.307978526689865	0.5137945363213254	
61	16	0.1467746941516756	28.0	0.00998035468371178	63401.3472706238	14.35485580833998	0.0	0.0	0.7338734707583779	0.07197656242607897	
62	9	3.661595705337973	20.0	0.4260651280334439	2043067.1379468883	1300.0130302157665	862.781261203551	0.7039350480317903	18.307978526689865	0.5153858263559542	
62	16	0.15772351451173622	30.2	0.01096366716970637	68282.58910856736	15.419464395703844	0.0	0.0	0.788617572558681	0.07670181309208077	
63	9	3.661595705337973	20.0	0.4249071962373444	2025706.5970513101	1326.5652760415	887.695544410855	0.7098333603089869	18.307978526689865	0.5148461750125607	
63	16	0.16913585081844423	29.2	0.011742406408082592	73472.4773973311	16.56133406744247	0.0	0.0	0.8456792540922211	0.0804690309668939	
64	9	3.661595705337973	20.0	0.4234462963919256	2015768.789998825	1352.7655764445374	912.2288353996043	0.7154162402547231	18.307978526689865	0.5141950682584535	
64	16	0.18163792177735177	32.4	0.012947881977465913	79637.70395721916	17.803471615604245	0.0	0.0	0.9081896088867589	0.08664555340120668	
65	9	3.661595705337973	20.0	0.42211144832212016	1983600.0567627891	1378.2288610291719	936.014169531301	0.7206275611254919	18.307978526689865	0.517399268621378	
65	16	0.19419399572601054	32.8	0.013964968473933255	85305.89025328787	19.09327425750944	0.0	0.0	0.9709699786300527	0.07843461012002245	
66	9	3.661595705337973	20.0	0.420989495964861	1962618.7269037324	1403.1550650044533	959.2307486987256	0.7255334321429612	18.307978526689865	0.5168554654271329	
66	16	0.2080762282512834	31.0	0.01506081249638261	91202.42584208828	20.524752221608466	0.0	0.0	1.040381141256417	0.08110436548617676	
67	9	3.661595705337973	20.0	0.42021632594102165	1950702.5246364349	1427.7057906781058	982.0188278105364	0.730184039685471	18.307978526689865	0.5168190805982723	
67	16	0.22276157939047878	32.2	0.01601422086918725	97622.07773354117	22.083275504852846	0.0	0.0	1.113807896952394	0.08471420687629258	
68	9	3.661595705337973	20.0	0.41863110241135354	1934724.5473554754	1451.8127773175897	1004.3013879256987	0.734581568429644	18.307978526689865	0.5170267944815403	
68	16	0.237429078270268	33.4	0.0172118037724203	104047.11970051803	23.67858842601782	0.0	0.0	1.18714539135134	0.08896999186642483	
69	9	3.661595705337973	20.0	0.41734824937074977	1923209.4777664728	1475.5567915508232	1026.135210621252	0.7387536801066227	18.307978526689865	0.520338084737016	
69	16	0.2528359009751603	32.6	0.018463445332190454	110979.23839341206	25.38962176665344	0.06666834609133285	0.0029656822911647432	1.2641795048758016	0.0824155374154699	
70	9	3.661595705337973	20.0	0.4154219536362125	1910876.0214136452	1498.9260140962583	1047.4856231819135	0.7427085006049317	18.307978526689865	0.5195574053813261	
70	16	0.26916342305165286	31.0	0.019817142227201257	118902.24550331043	27.25382038100792	0.20052258977043805	0.008338308607198659	1.3458171152582643	0.0851153833430563	
71	9	3.661595705337973	20.0	0.4144867295203189	1916185.4938490973	1522.2304483087466	1068.5987403485526	0.7465033531082622	18.307978526689865	0.5192482287624023	
71	16	0.2858120218552208	36.2	0.02113768688378933	128286.03256415491	29.26823253201395	0.4051435417517137	0.01576640169626201	1.429060109276104	0.08793055281400526	
72	9	3.661595705337973	20.0	0.41302226215949506	1914770.9187796072	1545.3533439123858	1089.3132302435167	0.7501193165668698	18.307978526689865	0.5194484783561668	
72	16	0.30296190383919885	35.0	0.022490688132281556	136824.7875206194	31.419463118213997	0.6568572855423215	0.02390688998128691	1.5148095191959943	0.09161430274407968	
73	9	3.661595705337973	20.0	0.41167317727917946	1890900.9570904907	1567.904571445301	1109.1988317625176	0.7534948491300563	18.307978526689865	0.5231253976380479	
73	16	0.31978303679129844	34.4	0.023855363491857098	143977.66449283093	33.64887273023682	1.0157971630873726	0.034622532064799975	1.5989151839564921	0.08455809728868184	
74	9	3.661595705337973	20.0	0.409901781038492	1870236.0982539977	1589.943837781259	1128.1720955558542	0.7566315792429241	18.307978526689865	0.5228709924842888	
74	16	0.3371816835865452	36.0	0.025543211257110725	151229.4685699545	36.0329248293623	1.4698581390549588	0.04689343968572881	1.6859084179327262	0.08858559282717972	
75	9	3.661595705337973	20.0	0.40833629082527595	1853595.44849549	1611.7180924857148	1145.760027855535	0.7594688141045425	18.307978526689865	0.5216048963662401	
75	16	0.354591520223643	37.0	0.026798054549860006	158852.21633816336	38.55999951098727	2.0107065064010543	0.06006810749850593	1.7729576011182149	0.09167414269120469	
76	9	3.661595705337973	20.0	0.40685488078209536	1850548.9567664904	1634.3889110340447	1160.3783630081782	0.7617771426510864	18.307978526689865	0.5209839856568702	
76	16	0.37284297497747104	37.4	0.028110096727285542	167106.68417406525	41.24653335443625	2.5981829229202362	0.07261520028581439	1.8642148748873553	0.09414607174112354	
77	9	3.661595705337973	20.0	0.4054214224188039	1855111.3748088577	1659.1892580372587	1170.2294846319435	0.7633078699036773	18.307978526689865	0.5250102603631024	
77	16	0.3899361017285462	35.4	0.02929370479104764	175884.82158948365	43.947729338198826	3.2855771834719762	0.08619144102209825	1.949680508642731	0.0876231216743273	
78	9	3.661595705337973	20.0	0.40421431169177835	1853221.118496151	1685.2717296765568	1176.5305322272804	0.764276691901545	18.307978526689865	0.5246182668834537	
78	16	0.40825426750145766	39.8	0.030760582985033865	183866.40971057524	46.81826272932516	4.070898448721031	0.10020982277171371	2.0412713375072884	0.0897929531475323	
79	9	3.661595705337973	20.0	0.40320830530081914	1828779.713386758	1711.9530358647448	1179.7170157586452	0.7647636185928858	18.307978526689865	0.5237222305440847	
79	16	0.4270355181146461	35.6	0.03210432808781657	189900.8533527215	49.78648567848911	4.942159997946677	0.11439018996683584	2.1351775905732304	0.09182195733042758	
80	9	3.661595705337973	20.0	0.4022067909118135	1823795.000468849	1739.494380607181	1180.4565426258127	0.7648763382526546	18.307978526689865	0.5224727220726233	
80	16	0.4458775137711194	38.2	0.033656832277572865	198895.98806771744	52.89681008205264	5.895257468467198	0.12855413267694976	2.229387568855597	0.09468526290305572	
81	9	3.659239003689706	20.0	0.4007160635085301	1788943.9271817978	1766.1854382885747	1180.4565426258127	0.7649439643825763	18.29619501844853	0.5283326302490525	
81	16	0.46485631535035116	39.4	0.03496137002764542	203635.1018388432	56.08207432996926	6.913576394800711	0.14218968949781788	2.3242815767517557	0.0886950647757112	
82	9	3.659239003689706	20.0	0.4001345190853922	1780129.5716755283	1792.616726343779	1180.4565426258127	0.7649439643825763	18.29619501844853	0.5273579396398784	
82	16	0.48408582502468994	39.4	0.036297622353951314	210705.42845498672	59.34334929115164	7.977443221233939	0.1550004289699542	2.4204291251234498	0.09027257817033903	
83	9	3.659239003689706	20.0	0.3988390675338323	1773081.6587894522	1818.7034807858886	1180.4565426258127	0.7649439643825763	18.29619501844853	0.5267283383046533	
83	16	0.5024054685240019	38.6	0.037923395761887635	218924.7621571172	62.635253610636184	9.085268431824145	0.16733758458810738	2.5120273426200095	0.09356428518678019	
84	9	3.595422475897828	20.0	0.3948070725916028	1745515.153592168	1840.2151204841516	1180.4565426258127	0.7667797523125035	17.97711237948914	0.5266299727960985	
84	16	0.5222712159619721	36.8	0.039281003373768726	226005.11450260907	66.11569205747698	10.213622256732538	0.17833911954808748	2.6113560798098607	0.09415438725449653	
85	9	3.478429025972015	20.0	0.38884039516628516	1715951.1057238944	1857.7638798057044	1180.4565426258127	0.7701682475083386	17.392145129860076	0.5284928286710971	
85	16	0.5431028441790742	42.2	0.041079835448326725	235187.38376768684	69.744985144413	11.318287174199266	0.18743791109128735	2.7155142208953706	0.0972016629419502	
86	9	3.478429025972015	20.0	0.39038994400292665	1699682.3839451906	1881.595543152111	1180.4565426258127	0.7701682475083386	17.392145129860076	0.5361773639549163	
86	16	0.5654427586048419	39.6	0.043863286938760994	244491.76397767733	73.51164856823085	12.426941345847323	0.19523338436928514	2.82721379302421	0.09322138006723839	
87	9	3.310712804986885	20.0	0.3808897138287006	1661060.7672140682	1894.5748813095329	1180.4565426258127	0.7750784046940269	16.553564024934424	0.5368666368636531	
87	16	0.5896161285710038	40.2	0.045419844334500935	256600.1022022757	77.47799326697849	13.545373020018854	0.20198247779984863	2.948080642855019	0.09477246601879843	
88	9	3.0918325079813593	20.0	0.3719071894635009	1618322.4865224753	1903.453919331328	1180.4565426258127	0.7815814326402327	15.459162539906798	0.542878832318451	
88	16	0.6144141655838447	35.8	0.04832779065324991	269107.96559782483	81.57415781808427	14.71946666358669	0.20869501897683018	3.072070827919223	0.0990364500905633	
89	9	2.940845520825712	20.0	0.36663191018030195	1594741.5265431772	1915.6754075679623	1180.4565426258127	0.7861312914178384	14.704227604128558	0.5500151132713099	
89	16	0.6409388125443619	40.0	0.05232697983623976	286338.66322717984	85.99769538101737	15.951304731102303	0.21500696755893894	3.2046940627218095	0.10391317754699482	
90	9	2.769134647140505	20.0	0.3589658645375941	1564680.2003844446	1925.9059101754567	1180.4565426258127	0.7913704530046499	13.845673235702526	0.560735254553309	
90	16	0.6689311615205448	45.2	0.05575899655074853	305900.8819879053	90.83028622084568	17.291728613880387	0.2215744565748852	3.3446558076027237	0.10069462054864144	
91	9	2.769134647140505	20.0	0.36129255914944347	1573684.1983966727	1946.340485869574	1180.4565426258127	0.7913704530046499	13.845673235702526	0.5636634122278773	
91	16	0.699794324149687	42.8	0.060055852334401465	325687.96832278935	96.08290697369944	18.653059366620447	0.22704280364552415	3.498971620748435	0.10544836998130515	
92	9	2.659781365101855	20.0	0.35384253826533146	1551761.0043589626	1959.7884722247193	1180.4565426258127	0.7947435415459654	13.298906825509276	0.5656395484463221	
92	16	0.73320485384778	39.6	0.06240075839825923	343792.68309822597	101.70748816068345	20.053615781532976	0.23187253835663799	3.6660242692389	0.1068554257525436	
93	9	2.5267362980257713	20.0	0.3465312069727822	1530432.1065732564	1971.298380132844	1180.4565426258127	0.7988863980568163	12.633681490128856	0.5703299065309451	
93	16	0.7677877138394843	41.4	0.06593868779975061	364055.5534906803	107.67742207956039	21.494035981293784	0.23621810770120205	3.8389385691974214	0.11182564883819875	
94	9	2.3269457100713713	20.0	0.3355598087671297	1480564.5243173523	1977.6459936274146	1180.4565426258127	0.8051893962022576	11.634728550356856	0.5860306370409993	
94	16	0.8037873402876196	44.2	0.07008835137764784	382986.4486274316	114.0013235977818	23.0342091268195	0.24053596543718572	4.018936701438098	0.10839314052602546	
95	9	2.2027924094013507	20.0	0.3296583336910835	1442710.3699953523	1987.4465916893055	1180.4565426258127	0.8091565400314771	11.013962047006753	0.5936919025673967	
95	16	0.8412851943577714	42.2	0.07584155992984935	404302.2667852953	120.64069404267634	24.592814201590816	0.24401014571178917	4.206425971788857	0.11392068682081408	
96	9	2.0083097327955604	20.0	0.3164909822604186	1383440.4250743834	1991.6509186489864	1180.4565426258127	0.8154501521052202	10.041548663977801	0.6015557222086333	
96	16	0.8814644777482904	42.4	0.08053172198502086	426129.37328274286	127.66170765609702	26.183990371989772	0.24677968853613055	4.407322388741452	0.11795068932930045	
97	9	2.0083097327955604	20.0	0.3180377574735937	1396573.6149002125	2007.561320277767	1180.4565426258127	0.8154501521052202	10.041548663977801	0.6079242178028236	
97	16	0.9241415893273114	40.8	0.08787456937329646	454881.22015214356	135.1551694111484	27.873240283277045	0.24949410506325198	4.620707946636557	0.12609686850439672	
98	9	1.7993779634054907	20.0	0.3000108041009403	1322607.6466989869	2009.4050353520374	1180.4565426258127	0.8223213514402391	8.996889817027453	0.6213270867509357	
98	16	0.9692580914618109	45.0	0.09038378775936753	477697.9962984965	143.09870870901176	29.712682952782195	0.2526807846058597	4.846290457309054	0.12078757134367478	
99	9	1.58452970980602	20.0	0.28089495473713527	1243320.6198141	2008.9406996603418	1180.4565426258127	0.8295089456343794	7.9226485490301	0.6342115561116666	
99	16	1.015560512601354	44.8	0.0991478107586868	500007.76208381914	151.43467854561817	31.657440163034494	0.255990922645984	5.07780256300677	0.12887525897767638	
100	9	1.4054929882310314	20.0	0.26573876715527667	1208969.3917901092	2006.9476859864146	1180.4565426258127	0.8355951733010613	7.027464941155157	0.6516172001126833	
100	16	1.065621354877551	42.0	0.10907577351494016	546798.893805442	160.6402849613693	33.72656142520418	0.2589296816138613	5.328106774387756	0.13643687530807547	
