time(d)	species	LAI	nrShoots	fAbs	assCO2(umol/m2)	biomAbove(gr/m2)	yield(gr/m2)	harvestIndex	leafArea	fieldRFR	
1	16	0.0	10.0	0.0	0.0	3.0	0.0	NaN	0.0	1.200000000000002	
2	16	0.0	10.0	0.0	0.0	2.9438614596153565	0.0	NaN	0.0	1.200000000000002	
3	16	0.014466759747911704	10.0	0.0	0.0	2.1582071213336165	0.0	0.0	0.14466759747911703	1.200000000000002	
4	16	0.02143883586043848	10.0	0.0037823578520323102	15034.86351901127	2.187483874327838	0.0	0.0	0.2143883586043848	0.452449652784273	
5	16	0.02419237292245215	10.0	0.006274527090650174	15320.364270548762	2.439760428578416	0.0	0.0	0.2419237292245215	0.5812176284317728	
6	16	0.027507269221162634	10.0	0.007911087110199335	18604.191716668196	2.747569070443652	0.0	0.0	0.27507269221162634	0.6540959762376706	
7	16	0.03157175313905412	10.0	0.009692245744767715	21992.35920176259	3.1123543919353756	0.0	0.0	0.31571753139054126	0.5074476222288422	
8	16	0.03681491570024026	10.0	0.011981512993724132	26495.151681805804	3.5531584658733086	0.0	0.0	0.3681491570024026	0.5682832491786933	
9	16	0.04330473017551038	11.1	0.014501492700061904	31913.590389930963	4.085427379853154	0.0	0.0	0.43304730175510375	0.6508771739402746	
10	16	0.05084830421705404	11.6	0.017228512288961825	37828.72935251173	4.717201864738383	0.0	0.0	0.5084830421705404	0.5265857055619599	
11	16	0.05977179721393272	11.3	0.02030321334822608	44047.126630990875	5.453097222824809	0.0	0.0	0.5977179721393272	0.558740060499533	
12	16	0.07033918923793006	13.1	0.023633604136358562	52475.46810227472	6.330927331388468	0.0	0.0	0.7033918923793007	0.6031913594552236	
13	16	0.08205473994232979	14.0	0.027422840758450057	60840.66787284495	7.348636254654788	0.0	0.0	0.8205473994232978	0.5361869396963502	
14	16	0.09559492265919275	12.6	0.031818458765528274	71351.44583585233	8.542675379357854	0.0	0.0	0.9559492265919275	0.5714614679485094	
15	16	0.11142530249580178	12.7	0.03658862418139477	82546.53761930495	9.923783844471759	0.0	0.0	1.1142530249580178	0.5875735495038543	
16	16	0.12947699545961217	15.2	0.043238372997670714	94931.18885378349	11.511433893726958	0.0	0.0	1.2947699545961215	0.6266462968125058	
17	16	0.1493496325886136	14.8	0.05065759688135102	110619.1482844842	13.361805012290455	0.0	0.0	1.4934963258861362	0.5831389334660758	
18	16	0.172079778610613	14.4	0.05968197240594251	128176.04195737097	15.505700273139093	0.0	0.0	1.7207977861061299	0.6205364366139016	
19	16	0.19848445137952808	16.8	0.07011092800898008	148902.813524362	17.99638817689036	0.0	0.0	1.9848445137952808	0.6545221565807566	
20	16	0.22893805418671556	15.9	0.08218496453174691	173190.6561447981	20.89359631934883	0.0	0.0	2.2893805418671556	0.6145525572361732	
21	16	0.2640432813050412	16.9	0.09735706085977884	205341.7595344767	24.33162860042345	0.0	0.0	2.6404328130504116	0.656181700598745	
22	16	0.30560041712489533	14.4	0.11411529483352242	239521.93235839074	28.342206732950142	0.0	0.0	3.0560041712489534	0.6834230253443246	
23	16	0.3537777322688257	17.6	0.13282385640583108	278817.06775779364	33.02616447456445	0.0	0.0	3.537777322688257	0.7063414897356397	
24	16	0.40567332612143475	17.3	0.15529239234830405	318369.1803701095	38.492858538943025	0.0	0.0	4.056733261214347	0.6834726555021478	
25	16	0.4604717946492573	15.6	0.17898971892838617	372608.8021803026	45.06825284053781	0.0	0.0	4.604717946492573	0.7024270954312635	
26	16	0.519862803267281	18.9	0.20217015093758256	432385.87279886816	52.914117070961154	0.0	0.0	5.19862803267281	0.718761932433186	
27	16	0.5811634310150652	20.0	0.2273172851789564	486970.1168222401	61.996102661573204	0.0	0.0	5.811634310150652	0.6979561695797442	
28	16	0.6405382194510674	18.0	0.2544195142074035	535031.3854341398	72.27782675431448	0.0	0.0	6.405382194510674	0.7081338506346533	
29	16	0.705138521463654	19.8	0.2791062619980026	592253.770716723	83.61415442269607	0.0	0.0	7.0513852146365394	0.7170984084082888	
30	16	0.7727853843226401	22.2	0.304588240867699	641883.905229023	96.02339353360819	0.0	0.0	7.727853843226401	0.7172587757080292	
31	16	0.8407688875634551	21.4	0.3298768571136785	681933.0548416812	109.38560325051006	0.0	0.0	8.407688875634552	0.6981269612289741	
32	16	0.9063608744420206	21.3	0.3535616496508423	734152.8247427775	124.03381472363048	0.0	0.0	9.063608744420206	0.6920424070661647	
33	16	0.9768612750710549	22.8	0.37645811487757336	786898.1757903717	139.5726766341237	0.0	0.0	9.768612750710549	0.6906147587794323	
34	16	1.0509647030438385	23.6	0.39584405919219406	853107.7182919139	156.56327659847705	0.0	0.0	10.509647030438385	0.6716562578077198	
35	16	1.1262282098981655	21.8	0.41761387156171215	914684.9192464473	175.01456482878007	0.0	0.0	11.262282098981656	0.6634249736855469	
36	16	1.2003309995400584	22.2	0.43747121074357914	962322.136292357	194.56289510235788	0.0	0.0	12.003309995400583	0.660467578997151	
37	16	1.279727428585024	23.6	0.45592297509927493	1013950.7324807936	214.94665631375977	0.0	0.0	12.79727428585024	0.6545312105152898	
38	16	1.364591953090251	23.8	0.47178163733946676	1056241.7997634355	234.6491879421404	2.668813363473723	0.02133322136564687	13.64591953090251	0.6360679509107949	
39	16	1.4520832621072264	23.7	0.4911158632491056	1116562.7467571418	254.4709850533367	7.718024605447565	0.055874380132910434	14.520832621072264	0.627568882182863	
40	16	1.5401151447782597	23.9	0.5056635021560352	1164770.0334809213	274.24576922381243	14.871612074120339	0.09699436936669655	15.401151447782597	0.6200686982906874	
41	16	1.6332899092405575	27.2	0.5208516274259563	1196906.8557183123	293.4244260949028	23.846447849259462	0.1395142499132809	16.332899092405576	0.611854682906967	
42	16	1.7321056063668223	27.7	0.5331892992214824	1230301.1045199556	312.121747742992	34.655959145053416	0.1816487826607681	17.321056063668223	0.5960211815853433	
43	16	1.8324853810092478	29.3	0.5469011217978532	1245003.6375297622	330.3296563244313	46.83418861186484	0.22093159358137296	18.324853810092478	0.5864630993926429	
44	16	1.9319465670885119	29.6	0.5580493217051307	1255203.2415153803	348.0666013847516	60.123094717855864	0.2566479068607628	19.31946567088512	0.5814214670403773	
45	16	2.033207395961743	26.2	0.5679894993796865	1255426.0059561976	364.91972210384637	74.39349876586392	0.28842914199241876	20.33207395961743	0.5682216102545273	
46	16	2.1378127096464214	29.2	0.5765079644446623	1306363.7644399987	382.5517318127879	89.16140500875557	0.31575505297543704	21.378127096464215	0.5628208242784932	
47	16	2.2429676774965723	30.1	0.5838104646966141	1343538.3167872992	401.017100562006	104.00471112040609	0.33901821935052234	22.429676774965724	0.5605290237303884	
48	16	2.3469750001181064	29.6	0.590611787299771	1358324.8609377039	419.84778300641045	118.64368616087663	0.35855857152160847	23.469750001181065	0.5571832989813613	
49	16	2.450849315601908	31.8	0.5960466524067786	1359581.652103877	438.64770626082884	132.89933304698678	0.3745987365665408	24.50849315601908	0.5481108428451241	
50	16	2.5581681167979022	32.9	0.6020107565659679	1364323.1867277734	457.48539381913224	146.66220981778162	0.387505894045314	25.581681167979024	0.5471193634143863	
51	16	2.6696379983110794	32.5	0.6090064397658542	1399909.8927116825	477.2124947289079	159.96008767861503	0.3980151217292797	26.696379983110795	0.5447213904972267	
52	16	2.7837445552313804	35.7	0.6145672406844497	1418017.6569527462	497.4831284762072	172.48463289996488	0.40605259324149395	27.837445552313802	0.5432412519580927	
53	16	2.9038308613507575	34.3	0.620200765556122	1455903.7897091934	518.6171374245695	184.1385428628709	0.41146223002733096	29.038308613507574	0.5315181441213256	
54	16	3.0306531004370623	34.5	0.6257065770057314	1479974.6287472998	540.5564815333006	194.43974867927892	0.41414411908601	30.306531004370623	0.5304290366498449	
55	16	3.162806288847349	37.4	0.6323427580311552	1498391.8318494426	562.8869580155239	204.2508383515514	0.41580631636867604	31.62806288847349	0.5261983174920277	
56	16	3.296037792846497	37.0	0.6376678166979591	1522491.2990053266	585.6002013827147	214.14271222931265	0.4174409801834143	32.96037792846497	0.5227122332519365	
57	16	3.4289126649873523	40.9	0.643367456226009	1530102.8235081434	608.2288094295558	224.28846196755111	0.41933335292348506	34.28912664987352	0.5114992436787242	
58	16	3.564128852946663	40.0	0.6486797621960647	1532468.7519011039	630.5955245312692	234.42599813629187	0.42091675272468	35.64128852946663	0.5099335782447983	
59	16	3.70251135016372	39.9	0.654474763382501	1580377.028613011	653.946955124152	244.50998482151104	0.42220645722527456	37.0251135016372	0.5043734431074852	
60	16	3.841219368299342	44.3	0.6589648890357118	1591615.8888827604	677.3366033231381	254.55510791661422	0.4233009843103243	38.41219368299342	0.5016254740768139	
61	16	3.977820531722222	47.2	0.6636945097072057	1595713.4792701711	700.6207994233497	264.66105418341215	0.4244397677258112	39.77820531722222	0.49211839636658783	
62	16	4.114846307086018	43.3	0.6682936758096919	1622109.493604153	724.2271972779837	274.78251100645815	0.4253412011977058	41.14846307086018	0.49038002611403686	
63	16	4.251694962586104	47.8	0.6719061130270061	1608907.411708566	747.2873552030542	284.8274073106976	0.42610420791314196	42.51694962586104	0.4879409795716612	
64	16	4.389232422608648	48.2	0.6751570162738556	1592066.5112594874	769.6947636854101	294.8623624771293	0.4268269821447112	43.89232422608649	0.4857216473543028	
65	16	4.524293536784262	47.8	0.677839805714697	1575670.4280913728	791.5983650486781	304.8559103114784	0.42761480866725976	45.24293536784262	0.47806936136908995	
66	16	4.65775667090147	51.0	0.6809730469322556	1587730.4645206372	813.634014870451	314.9058235158047	0.4284686673878895	46.577566709014704	0.4756259156686103	
67	16	4.793779761198007	52.6	0.6832654319801769	1603585.8044943172	835.651731944404	325.05049106447626	0.4291540094025893	47.937797611980066	0.47583906938854775	
68	16	4.931212301235806	52.5	0.6860822951415317	1626690.9708687442	857.8885151921688	335.47561226833443	0.4299727662534126	49.31212301235806	0.4677751899047054	
69	16	5.069110101319071	52.6	0.6891732429558728	1639949.0885077075	880.1025368422936	346.1777491917946	0.4309308721785762	50.69110101319071	0.4661876940989702	
70	16	5.205653038567921	55.2	0.6910651772421654	1635106.3779022885	901.9447806298274	357.00821864421965	0.43196416043576	52.05653038567921	0.46476976795168023	
71	16	5.34316115737536	57.7	0.693092456534087	1648432.695369666	923.8156557260236	367.99339621054446	0.4330154748691627	53.4316115737536	0.46474200910893293	
72	16	5.479190061867614	58.7	0.6956489459103717	1621123.6831670022	944.9778389445719	378.6044006450531	0.43378489397386133	54.791900618676145	0.4635130676091343	
73	16	5.615098667626584	60.8	0.6969578109662408	1610229.7387736547	965.7020657951564	389.154331932377	0.43449068776499533	56.15098667626584	0.45601133030033536	
74	16	5.748437333817504	63.3	0.6998489896266692	1595743.68674348	986.0899951021735	399.5097853851938	0.43516907590265846	57.48437333817504	0.4546376091114602	
75	16	5.880745213518807	61.7	0.7018687906850403	1589821.0318416036	1006.1900015787278	409.68527856613173	0.4356764349748514	58.80745213518807	0.45333721580586067	
76	16	6.017897855328679	61.0	0.7032969855579755	1652249.1830460723	1027.3255810127228	420.1855820544526	0.4361372225198197	60.17897855328678	0.45327935379186224	
77	16	6.151903736755982	63.7	0.7052093619874973	1644966.5039603054	1048.3883233931651	430.4281851053277	0.4365849765332726	61.519037367559825	0.4471347265568795	
78	16	6.286874018455271	69.5	0.7076262111247689	1664670.5592918368	1069.7732067953723	440.6865467819913	0.43703513969505237	62.86874018455271	0.44645064099055587	
79	16	6.421976523502309	72.5	0.7096008539624182	1685047.005774254	1091.5365710968042	450.9250370348291	0.43748806288344605	64.21976523502309	0.44673483299225325	
80	16	6.5527970752993925	71.3	0.7121851221722534	1662441.3825826372	1112.84496441307	460.88270466056673	0.43793609667277056	65.52797075299392	0.4451771522989849	
1	16	0.0	10.0	0.0	0.0	3.0	0.0	NaN	0.0	1.200000000000002	
2	16	0.0	10.0	0.0	0.0	2.9438614596153565	0.0	NaN	0.0	1.200000000000002	
3	16	0.014466759747911704	10.0	0.0	0.0	2.1582071213336165	0.0	0.0	0.14466759747911703	1.200000000000002	
4	16	0.021463266205735135	10.0	0.003896780989678727	15169.794174613975	2.1898354403964553	0.0	0.0	0.21463266205735135	0.43955987946851066	
5	16	0.024274722622926657	10.0	0.006419800058589431	15625.755678301564	2.447418513142919	0.0	0.0	0.24274722622926656	0.5759911354114954	
6	16	0.027602852698859297	10.0	0.008149537873868535	18677.659429626245	2.7564559931455905	0.0	0.0	0.276028526988593	0.6664253099786785	
7	16	0.03173983323787168	10.0	0.009873904318196569	22369.13083031219	3.1277478487451815	0.0	0.0	0.31739833237871684	0.5057069301182736	
8	16	0.03711104955701169	10.0	0.012509047258283472	27118.826887715753	3.5793176804734634	0.0	0.0	0.3711104955701169	0.6057262984321724	
9	16	0.043801635400820535	11.7	0.015362152509468735	32868.52587093794	4.128053067986189	0.0	0.0	0.4380163540082054	0.6467061855208095	
10	16	0.051678233206621293	11.6	0.01833585601177663	39445.539547406355	4.787718300143122	0.0	0.0	0.5167823320662129	0.5374682349552924	
11	16	0.06108233975076066	11.5	0.02200290736998334	46348.57576855775	5.5632485050979525	0.0	0.0	0.6108233975076066	0.5978748447596955	
12	16	0.07229791833416152	12.5	0.025455289268292457	55607.57323093347	6.494923278127411	0.0	0.0	0.7229791833416152	0.6415787446905911	
13	16	0.0847158309768118	13.9	0.029345163123234496	64404.87993930843	7.573645126006127	0.0	0.0	0.847158309768118	0.5462440556648442	
14	16	0.09895640045229653	13.2	0.03367094010420295	74982.29352897328	8.829447759349055	0.0	0.0	0.9895640045229653	0.5699494397390267	
15	16	0.11560422624804037	13.7	0.03894213037946806	86749.43640091912	10.281873624650887	0.0	0.0	1.1560422624804036	0.6048058119100718	
16	16	0.13451328770488727	14.7	0.04565912688635079	99396.22049643236	11.944929406372745	0.0	0.0	1.3451328770488726	0.6356419579993539	
17	16	0.15522118984401448	14.3	0.053290659470005206	115249.12635292327	13.873073305722727	0.0	0.0	1.5522118984401447	0.5831782551375623	
18	16	0.17874364797197512	13.0	0.06345024462073416	132661.4960091124	16.091699022215572	0.0	0.0	1.7874364797197513	0.6220599363941948	
19	16	0.20636256158225685	15.5	0.07468285963288167	155701.15932336776	18.69692328103929	0.0	0.0	2.0636256158225685	0.6540840951002626	
20	16	0.23818567087246442	15.4	0.08729753913338369	180937.0711135115	21.724419631394767	0.0	0.0	2.3818567087246443	0.6226865577995943	
21	16	0.2747524665247912	15.6	0.10338963319752471	213875.8561521046	25.30559070442085	0.0	0.0	2.7475246652479117	0.6498356350155784	
22	16	0.3184031967248414	14.9	0.12126087075262681	251491.45810774813	29.518216540042204	0.0	0.0	3.184031967248414	0.6891591339528951	
23	16	0.36904505714934144	17.7	0.1412375302782499	292944.3886834517	34.44099378225225	0.0	0.0	3.6904505714934146	0.7028793502272389	
24	16	0.42309864271345116	17.4	0.16422498524207688	338736.07237378194	40.322811031113936	0.0	0.0	4.2309864271345115	0.6820113376346049	
25	16	0.4792659427893935	17.7	0.18872694042535723	393267.8534710423	47.347687684205106	0.0	0.0	4.792659427893935	0.7027432864268076	
26	16	0.5386689076950371	19.3	0.21291179306989252	446048.6555645924	55.52507939448337	0.0	0.0	5.386689076950371	0.7156562294670874	
27	16	0.599104894334211	19.4	0.23767151307794035	496822.812059032	64.87411513746133	0.0	0.0	5.99104894334211	0.6982533214848895	
28	16	0.6581677583525256	18.9	0.26391727848986746	549902.9331046176	75.51132489225027	0.0	0.0	6.581677583525257	0.705107999165606	
29	16	0.722407277654418	19.4	0.2869773395783802	597723.8497372912	86.9595935365952	0.0	0.0	7.224072776544181	0.7115984027977801	
30	16	0.7900347418334038	21.1	0.31185360768506887	639966.5941792682	99.2760505559414	0.0	0.0	7.9003474183340385	0.7154458925404803	
31	16	0.8578933680213598	21.1	0.33621258874467974	698128.6742634688	113.04818359746916	0.0	0.0	8.578933680213598	0.6946577678690321	
32	16	0.9232344001981785	21.2	0.3596604588888434	744893.9786253356	127.98394489455782	0.0	0.0	9.232344001981785	0.6902588743025063	
33	16	0.993753291155193	21.7	0.38162751399487577	799293.4107324649	143.84661093675342	0.0	0.0	9.93753291155193	0.6846950805904164	
34	16	1.0678224025448986	20.8	0.4029667884511937	865419.1445354376	161.15044228072162	0.0	0.0	10.678224025448985	0.6680243766350733	
35	16	1.1430062996334684	23.8	0.4231401629996644	927936.7493278824	179.92062198165735	0.0	0.0	11.430062996334684	0.6650589924244307	
36	16	1.2169970745975334	22.6	0.443259537958255	968266.5517497712	199.58743275488092	0.0	0.0	12.169970745975334	0.6598355075875181	
37	16	1.2958865336223002	23.9	0.46131996417706805	1019249.6234313283	220.08758445982272	0.0	0.0	12.958865336223003	0.6527051862491487	
38	16	1.3801201547150015	23.0	0.47713271010803654	1066015.7182644005	240.02716014627873	2.6704592227872253	0.02114735889488875	13.801201547150015	0.6345596773208567	
39	16	1.467226892391733	23.5	0.4941933097622171	1119607.7596699956	259.8853254946295	7.729343020308066	0.05549303818366037	14.672268923917331	0.6266785188771755	
40	16	1.5547217182978228	25.5	0.5107448532721792	1187832.8503088115	280.22003706208545	14.88765479205093	0.09638497956336926	15.547217182978228	0.6201861883109594	
41	16	1.6470080764602908	25.8	0.5251364176761137	1236528.168615622	300.41754699147754	23.84280969122498	0.1386298626879081	16.47008076460291	0.6105450192367212	
42	16	1.743583628893198	27.0	0.5382350391735673	1240451.0933326436	319.4699241551083	34.53441432185387	0.18029565252385837	17.43583628893198	0.5939712497566724	
43	16	1.8429207580637474	26.0	0.5506247571521086	1260263.2240725218	338.02046387857365	46.75064064638624	0.21979117835895598	18.429207580637474	0.5887317011232255	
44	16	1.9422987254660906	31.5	0.5614451294863371	1268557.7179114665	355.9503006334402	60.167607333130356	0.2558929685666932	19.422987254660907	0.5824629696386511	
45	16	2.044965614670396	31.5	0.5716325815764862	1304759.9983685515	373.79754469189186	74.6861356745487	0.2881258770997121	20.44965614670396	0.5686256525481307	
46	16	2.151994594367982	30.0	0.5801929608371196	1333058.9592881596	391.6733805793626	89.89265527072286	0.3161347287669958	21.519945943679822	0.5642867390355168	
47	16	2.2618231442339183	30.4	0.586225234867508	1371284.8024715632	410.1677100960263	105.43342007077885	0.34021998387115404	22.618231442339184	0.559928636581626	
48	16	2.3716408787950565	30.6	0.5934876464970221	1382844.8828533166	428.8297343675695	120.87711033837067	0.36043580165692163	23.716408787950567	0.5566840638053917	
49	16	2.4819981843684156	34.5	0.5993527430914453	1386072.8524263487	447.45686456573475	135.9754955304548	0.3769568166534724	24.819981843684157	0.5487275911331401	
50	16	2.5951378696074383	33.3	0.6053667188413197	1389151.414599666	466.2146147862847	150.43339231102757	0.3900935855798225	25.951378696074382	0.5459341333819436	
51	16	2.7084842559220226	36.7	0.611628097640621	1397356.4297013273	485.60693346307545	163.90545920908914	0.40036369913652003	27.084842559220224	0.5460710189800133	
52	16	2.823945405764419	38.2	0.6193546308495127	1427222.6462661352	505.94696898180763	176.4745446503785	0.40807680791920614	28.239454057644192	0.5454126119190938	
53	16	2.9441154812849715	39.7	0.6233929733923345	1458937.3201924996	527.1473040089959	188.02892889346987	0.4131878519737622	29.441154812849714	0.5368989311829622	
54	16	3.070770354433067	35.1	0.6289090147073753	1467312.8044860011	548.7271914806978	198.29982987220689	0.41577368671923753	30.70770354433067	0.5333688696324896	
55	16	3.2022448546549915	41.3	0.635119535942563	1484537.5245257285	570.6638052285773	208.09002385354606	0.4173674672448041	32.02244854654992	0.5294600793257301	
56	16	3.3360186602539015	38.3	0.6409670928836858	1509300.5651210824	592.8655495932537	218.05602159029664	0.4189053254740251	33.36018660253902	0.5235911904333438	
57	16	3.468694504990175	43.3	0.6465659550304359	1508921.0757143735	614.845558153407	228.19239923924061	0.4206441518994607	34.68694504990175	0.5123297183697448	
58	16	3.603875855527152	44.6	0.6506750205328943	1536589.8161351157	637.2037869831887	238.3410835063693	0.42207299453227537	36.03875855527152	0.5097999506792525	
59	16	3.7423411988500597	39.9	0.6564102877412804	1557726.4714999828	659.7962073556438	248.51768249621605	0.42329943785789625	37.4234119885006	0.5066469678944268	
60	16	3.8814025342250282	45.3	0.6613555671607018	1576008.1526515272	682.5778740761359	258.71721318653397	0.4243776294310631	38.81402534225028	0.5020230523659643	
61	16	4.018448580308727	43.5	0.6645926914359076	1578883.6698149065	705.2208812670988	268.9967180396342	0.42551607737410074	40.18448580308727	0.49365877667925545	
62	16	4.156897890466256	44.2	0.6686473125664026	1586541.2998140147	727.6526590480403	279.30081999643795	0.4263721389838193	41.56897890466256	0.4918974516523953	
63	16	4.297036913585499	49.4	0.671955258138929	1591944.4941973952	749.9448567760033	289.5594825821927	0.42702365553625093	42.97036913585499	0.4884671788227542	
64	16	4.436676342814043	47.8	0.6763574924351967	1582052.3788175983	771.9086176135836	299.6988447496507	0.4276375616604136	44.36676342814043	0.48528376244956	
65	16	4.572892927126885	49.8	0.6779265311842875	1560998.034073331	793.3705110707798	309.7240810924142	0.42835746639926026	45.72892927126885	0.47882637284373564	
66	16	4.7076967542917005	49.3	0.6820693109046485	1574745.3081958233	815.0737950582115	319.75125351585376	0.42913955604835735	47.076967542917004	0.4754325618657191	
67	16	4.844900112990915	52.4	0.68462573106965	1587523.7778708474	836.7707657738235	329.78723332940865	0.42974526902368054	48.44900112990915	0.47427179301147243	
68	16	4.983987264820757	56.0	0.6872216467766279	1613760.5772334537	858.78669148523	340.0646546117293	0.43045612209006445	49.839872648207574	0.4663885543080412	
69	16	5.121393082746379	52.9	0.69006912507087	1616584.4392174422	880.7453380452029	350.3531807477842	0.43122660866972173	51.21393082746379	0.4641370086560036	
70	16	5.256534130818994	56.4	0.6917129564926127	1629858.1136035013	902.9049895763015	360.6493270296704	0.43203261273047416	52.56534130818994	0.46393258156655226	
71	16	5.390881767271294	58.9	0.6944006902318176	1626917.7524206322	924.7904346696241	370.98230782729047	0.432861254116778	53.908817672712935	0.4613424565507532	
72	16	5.525770242308203	60.1	0.6958443386233832	1615723.7010151946	946.1566081967645	381.2082484843136	0.4335142728965858	55.25770242308204	0.4597594487870137	
73	16	5.659092423705162	61.6	0.6971333993108407	1591634.8064014602	966.8101862085086	391.33608065315485	0.4341440287899876	56.59092423705162	0.45288388586874734	
74	16	5.790268701141114	63.5	0.6994266503132859	1585197.616087244	987.2536756577576	401.3394476969875	0.43475269200448896	57.90268701141114	0.4519565613799692	
75	16	5.918254777956117	61.1	0.7019595406809295	1581856.5922251898	1007.6521821694265	410.9899834749323	0.4351679739546916	59.182547779561176	0.44956805911495556	
76	16	6.048545376393415	68.3	0.7035939923166172	1636617.7916268387	1029.08471295762	420.7898700526342	0.43553885081471533	60.48545376393415	0.4494046819044283	
77	16	6.177757452270724	66.3	0.7048287551234768	1630209.6753188246	1050.223228590682	430.5417940228419	0.4359139179450967	61.77757452270723	0.44415737541978734	
78	16	6.309599150975599	64.3	0.7074433388655409	1672107.6047995759	1072.0744814714296	440.5115698503706	0.4363375062107337	63.09599150975599	0.44290624594102473	
79	16	6.441806228865298	71.9	0.7099572923475502	1685775.4262805835	1094.057495946708	450.5667457086353	0.4368158466073554	64.41806228865298	0.4420978580644588	
80	16	6.569390551354422	79.0	0.7118908537241342	1648167.2638655333	1115.213908431428	460.3333484477278	0.4373017344717395	65.69390551354422	0.44051610948372655	
1	16	0.0	10.0	0.0	0.0	3.0	0.0	NaN	0.0	1.200000000000002	
2	16	0.0	10.0	0.0	0.0	2.9438614596153565	0.0	NaN	0.0	1.200000000000002	
3	16	0.014466759747911704	10.0	0.0	0.0	2.1582071213336165	0.0	0.0	0.14466759747911703	1.200000000000002	
4	16	0.021423781237951176	10.0	0.003806007921778714	14951.715693739214	2.18603477735491	0.0	0.0	0.21423781237951176	0.47157346920139104	
5	16	0.024179213170959873	10.0	0.0063607220714898445	15329.765889069764	2.4384849379578295	0.0	0.0	0.24179213170959873	0.6009602246075377	
6	16	0.027520382543525214	10.0	0.00802290862154727	18743.68199237291	2.7487331973712914	0.0	0.0	0.2752038254352521	0.6792247771256872	
7	16	0.031641588645830054	10.0	0.009703943683441263	22284.91343676103	3.118609305465922	0.0	0.0	0.31641588645830054	0.5220645547544657	
8	16	0.03694748473028252	10.0	0.012238819973593596	26800.19322120662	3.5646875230729846	0.0	0.0	0.3694748473028252	0.5906555522962718	
9	16	0.043512315347919134	11.4	0.014577246670190662	32271.070031681837	4.103108964337009	0.0	0.0	0.43512315347919134	0.6472774598435836	
10	16	0.05105286395178268	11.6	0.01726190186434302	37821.02058782024	4.734630068752798	0.0	0.0	0.5105286395178268	0.5154526647835932	
11	16	0.06002278224828143	11.5	0.020526823286977528	44273.538126959764	5.474353990665084	0.0	0.0	0.6002278224828143	0.5661735908767517	
12	16	0.07059092802878225	13.1	0.024042920162855873	52487.27182969773	6.352246713557024	0.0	0.0	0.7059092802878225	0.598887015594522	
13	16	0.08232188442630596	12.7	0.027143870728920667	60925.69142534617	7.371293901814637	0.0	0.0	0.8232188442630596	0.521102819570619	
14	16	0.09571554705803043	12.7	0.03169395987140427	70618.81149454217	8.552412173242042	0.0	0.0	0.9571554705803043	0.5652672533933616	
15	16	0.11140212076730613	12.3	0.036927546065915653	81830.40680578686	9.920974391086753	0.0	0.0	1.1140212076730613	0.5939292209475532	
16	16	0.1293932714655658	13.6	0.043739816303290616	94624.57707895739	11.503299735834954	0.0	0.0	1.293932714655658	0.6304909345537076	
17	16	0.1493711914590042	13.9	0.05139243127470364	111178.49582909334	13.36347390018291	0.0	0.0	1.4937119145900422	0.582555517734461	
18	16	0.1721097256415204	14.9	0.06079599154806492	128222.08301917822	15.508160327861793	0.0	0.0	1.721097256415204	0.6132998728094792	
19	16	0.1988120232650108	15.3	0.07152272086681528	150514.63626957967	18.026922452855416	0.0	0.0	1.988120232650108	0.6431775109671708	
20	16	0.22973773084432314	16.2	0.08429480975562087	175779.56019115826	20.96904435473188	0.0	0.0	2.2973773084432314	0.6201820286145259	
21	16	0.2652262509592088	15.7	0.09966614672084687	207524.7881927902	24.444614455768253	0.0	0.0	2.652262509592088	0.6498665694694856	
22	16	0.30694333570594157	17.5	0.1163463992687486	240451.2954506979	28.47062887031497	0.0	0.0	3.069433357059416	0.6809646833159788	
23	16	0.3557247709427367	18.5	0.13532987077278014	281852.4532777235	33.203467242325544	0.0	0.0	3.557247709427367	0.6998232404500568	
24	16	0.40842341731738135	19.4	0.15684254303972514	329927.6282782846	38.93328078884598	0.0	0.0	4.084234173173813	0.6808375998137565	
25	16	0.46325869849480805	16.6	0.18144774298801794	380877.3546786046	45.7135768688277	0.0	0.0	4.63258698494808	0.6942487281090952	
26	16	0.5218314490013626	20.9	0.20518046204289886	434457.4923256496	53.633157182701225	0.0	0.0	5.218314490013626	0.7114471381692553	
27	16	0.5821068755910596	19.2	0.22984805874216913	487721.3379963612	62.76462784341618	0.0	0.0	5.821068755910596	0.6920172416560824	
28	16	0.640821586941173	18.7	0.25452506592223073	537919.7753249148	73.12127501377947	0.0	0.0	6.4082158694117295	0.7031910940358379	
29	16	0.7045450982755515	17.7	0.27950144812729977	593532.7387742565	84.512485217248	0.0	0.0	7.045450982755515	0.7072557471120685	
30	16	0.771468038987858	20.7	0.3049493483521504	635224.3493285138	96.76542576152289	0.0	0.0	7.71468038987858	0.7095001431193433	
31	16	0.8388721086080357	20.1	0.3293194248250292	694681.2269802034	110.48869902172876	0.0	0.0	8.388721086080357	0.692197335980409	
32	16	0.9035932425398248	20.8	0.3527595963323704	746168.2048913803	125.51454440792884	0.0	0.0	9.035932425398247	0.6879208839406169	
33	16	0.9732640227399834	21.7	0.37395699999505755	799166.581159977	141.43933891956266	0.0	0.0	9.732640227399834	0.6852706949943993	
34	16	1.0463760019842738	21.4	0.3931821240748854	852694.554323834	158.48876023077824	0.0	0.0	10.463760019842738	0.6682137154212147	
35	16	1.120320521809424	24.1	0.41302137786920534	915400.2997471368	177.03260349788235	0.0	0.0	11.20320521809424	0.6612004996031199	
36	16	1.1928610120502172	22.1	0.43340302545219334	956199.3767981479	196.49181227442097	0.0	0.0	11.928610120502173	0.6582310896918444	
37	16	1.2705669207952812	25.2	0.45100708508257387	1001223.9108855681	216.59614958524156	0.0	0.0	12.705669207952813	0.6532096508413221	
38	16	1.3538287151931947	23.9	0.466971184265814	1047064.0045875168	236.10574712180073	2.6586560881008716	0.02144117737890513	13.538287151931947	0.6352662696081314	
39	16	1.4400755909942278	24.6	0.4842383306347634	1108980.616734045	255.7398703921383	7.724839957734048	0.056397308096857245	14.400755909942278	0.6270991868797335	
40	16	1.5271217803077803	23.8	0.5014984584547225	1153264.3965446427	275.18993945501654	14.894730528872163	0.09787752712546566	15.271217803077803	0.618440428073882	
41	16	1.6188669144119996	27.7	0.5154798664203639	1193701.2544701865	294.31256079220674	23.844942129015287	0.14050780358121046	16.188669144119995	0.6140939573320836	
42	16	1.7160759585225396	28.4	0.5278039258574997	1205592.7687047948	312.4357267204952	34.56039810304743	0.18246814397759809	17.160759585225396	0.5987034202486088	
43	16	1.8159840903575035	28.4	0.5410251726890378	1204709.9057967716	329.5711561148222	46.715796946061815	0.22180201622045534	18.159840903575034	0.5919981158291275	
44	16	1.915911009979217	30.4	0.5535927466987945	1237273.2624788969	346.79722210821393	59.99856315591403	0.2575162324597664	19.15911009979217	0.5824191177259577	
45	16	2.017750166834066	29.0	0.5645070560318987	1253277.3190641077	363.6214357333311	74.18004148646415	0.28905010227276146	20.17750166834066	0.5692148714442314	
46	16	2.123459932869662	30.2	0.5731708257382404	1301706.5114805533	381.13608340631157	88.88996230337172	0.3162181496309611	21.23459932869662	0.5636942165723108	
47	16	2.2309647776535333	29.2	0.5808291939552299	1345849.0981040762	399.5790786388759	103.75340366368115	0.3393922345119211	22.309647776535332	0.5641436495516016	
48	16	2.335042793003898	29.9	0.5890114750559806	1360602.30072894	418.6637000443722	118.12899778011133	0.35852583669369403	23.350427930038983	0.558064461106806	
49	16	2.4401522776414932	32.8	0.5940322404201732	1363204.3510117463	437.62462341746885	132.27415759557067	0.3744164610680696	24.401522776414932	0.5484616420522893	
50	16	2.5494114968329566	34.2	0.6009367683934385	1380153.6485343394	456.8970845501177	145.9626664289945	0.3871939054444204	25.494114968329566	0.5474378861322677	
51	16	2.6623950399541565	34.7	0.6073289021300204	1389532.46287763	476.4567831102363	159.05583337352692	0.39743089720803454	26.623950399541563	0.5466601824561849	
52	16	2.777257518740428	36.2	0.6143150711846028	1421979.680596405	497.03087141529215	171.26703432517303	0.40513050806265355	27.77257518740428	0.5445637037226111	
53	16	2.897202074265997	37.2	0.6206600733997748	1445746.0076408677	518.1562566364798	182.5897351482883	0.41030711627839966	28.97202074265997	0.5329384728607582	
54	16	3.0239838265758725	39.1	0.6248714774503299	1472178.0443797824	540.0832571408728	192.67637452025448	0.4129112897328139	30.239838265758724	0.529486171413464	
55	16	3.156107056952701	35.1	0.6320614443125628	1498106.621587751	562.5447637622142	202.31849781537858	0.4145039292837711	31.56107056952701	0.5259963616198431	
56	16	3.2897200940846725	39.6	0.638348284902587	1515469.1493915026	585.0945981725326	212.15424322720656	0.4161161305492442	32.89720094084672	0.5202778489332706	
57	16	3.4217795995958005	42.3	0.6435411878435753	1524132.348937687	607.626066640302	222.20846236856787	0.41797321951056	34.21779599595801	0.5097323429102191	
58	16	3.5561307289934225	41.5	0.648276313555259	1521150.6534496774	629.7032578872123	232.2741738497406	0.4194773129525977	35.56130728993423	0.5066042480427222	
59	16	3.6953304198850176	40.3	0.6547505723872348	1575335.933725872	652.749315839858	242.45056055353498	0.42072045208808195	36.95330419885018	0.504460107549583	
60	16	3.835397305469864	45.1	0.6594473318997296	1587511.9783757017	675.7987186621139	252.67491245246464	0.4218276993418462	38.35397305469864	0.5008568389964232	
61	16	3.9746821614505166	44.7	0.6629961598853118	1590410.0095650838	698.6096719234508	263.0645156284203	0.42300617294665943	39.746821614505166	0.4922732590877073	
62	16	4.115660910491803	48.1	0.6668621703196349	1609295.3046342614	721.4731419500552	273.52777441568054	0.4239333454926582	41.156609104918026	0.49053718889813674	
63	16	4.257579158905145	45.9	0.6702414046412645	1594538.0214476853	743.6938310331864	283.9742826389164	0.42472998721505	42.57579158905145	0.4857945827869582	
64	16	4.399829244706529	47.8	0.6742795535224477	1586481.4358988819	765.5459337832494	294.4277445363021	0.42555597853467186	43.99829244706529	0.48328442404111543	
65	16	4.5399073581431235	50.1	0.6764601236808655	1573888.0872873322	786.9740900797229	304.91177169695123	0.4265076432039416	45.39907358143124	0.4748664644982267	
66	16	4.67754444389446	48.4	0.6798174076650716	1587456.0308275134	808.65060752874	315.4096771166266	0.42753044331662504	46.775444438944604	0.47269308872718285	
67	16	4.814678736851694	52.1	0.6826678593952258	1600746.2210187272	830.5290756418997	325.7556277163647	0.4283501935012487	48.14678736851694	0.4711188703486762	
68	16	4.952478716354399	53.5	0.684729583142961	1624375.0455654922	852.7443640282132	336.27824945307526	0.4292690761370791	49.52478716354399	0.465713794193961	
69	16	5.089629945859664	58.9	0.6880199394049085	1627716.5442605743	874.8254294601933	346.8833025237197	0.4302325263285904	50.89629945859664	0.4626077661371562	
70	16	5.225558055402206	56.0	0.6904684233485557	1633154.4756488637	896.8681162472096	357.48360893281586	0.4311722606855349	52.25558055402206	0.4610055793674643	
71	16	5.361492740278157	52.1	0.6927984337994513	1644411.307815801	918.9777650466216	368.15525657228653	0.432132057414077	53.614927402781575	0.4602412924173913	
72	16	5.494912307037074	56.6	0.6945184470371066	1607920.009033712	940.2125685470708	378.4527576287705	0.4328944389599228	54.949123070370746	0.4577906598389735	
73	16	5.6279263229978245	62.1	0.6961785283670348	1604801.856645403	961.2109550610569	388.73338585431554	0.4336466476342311	56.27926322997824	0.4530079458981261	
74	16	5.759736674459736	61.7	0.6994915942494351	1592275.9651449085	981.782125874926	398.900664407044	0.43433565199127927	57.59736674459736	0.4508911413283401	
75	16	5.8892480689265545	62.7	0.701206523184272	1583051.2396259357	1002.0830464238397	408.7715908152778	0.43482518289026695	58.89248068926555	0.4502511205590139	
76	16	6.022809039931719	67.0	0.7028474845587614	1649226.023469421	1023.5850993832515	418.9120950680817	0.43527400150335466	60.22809039931719	0.4480855948326025	
77	16	6.153872829739123	67.4	0.7039245969777346	1638203.8983711337	1044.8308084594091	428.8549079551884	0.43570493224160706	61.53872829739124	0.4424771056913974	
78	16	6.288835377634731	69.0	0.7062359615612508	1678056.489774411	1066.6615496361974	439.0351727201006	0.43614165661469273	62.88835377634731	0.4424151841427361	
79	16	6.423689907567168	71.6	0.7098684444286111	1684770.5679985944	1088.5133519855794	449.2049585257063	0.43659800918501285	64.23689907567167	0.4398696087589362	
80	16	6.555107990560873	71.8	0.7111661792955537	1662571.4478368887	1109.858327926969	459.16842580711943	0.43707147286255443	65.55107990560873	0.43994005949211235	
