time(d)	species	LAI	nrShoots	fAbs	assCO2(umol/m2)	biomAbove(gr/m2)	yield(gr/m2)	harvestIndex	leafArea	fieldRFR	
1	9	0.0	9.999999999999998	0.0	0.0	2.75	0.0	NaN	0.0	1.2	
1	16	0.0	9.999999999999998	0.0	0.0	2.9999999999999996	0.0	NaN	0.0	1.2	
2	9	0.0	9.999999999999998	0.0	0.0	2.7256288478621036	0.0	NaN	0.0	1.2	
2	16	0.0	9.999999999999998	0.0	0.0	2.9999999999999996	0.0	NaN	0.0	1.2	
3	9	0.0011026275033237944	9.999999999999998	0.0	0.0	2.576625639412363	0.0	0.0	6.615765019942768E-4	1.2	
3	16	0.0	9.999999999999998	0.0	0.0	2.9999999999999996	0.0	NaN	0.0	1.2	
4	9	0.005940158238501454	9.999999999999998	9.99836751232216E-4	1511.5177626522636	2.2874975032847886	0.0	0.0	0.003564094943100873	1.1984266198418536	
4	16	0.0	9.999999999999998	0.0	0.0	2.9999999999999996	0.0	NaN	0.0	1.2	
5	9	0.01237364115046951	9.999999999999998	0.004983041618011267	8171.794477142789	2.1357188673607634	0.0	0.0	0.007424184690281707	1.1676979771241165	
5	16	0.0	9.999999999999998	0.0	0.0	2.9999999999999996	0.0	NaN	0.0	1.2	
6	9	0.01798226227203205	9.999999999999998	0.009622150307996171	17201.101901245478	2.286709997046662	0.0	0.0	0.01078935736321923	1.108229249074095	
6	16	0.0	9.999999999999998	0.0	0.0	2.9999999999999996	0.0	NaN	0.0	1.2	
7	9	0.023751730280057486	9.999999999999998	0.013791231868519233	23899.19829363626	2.625359764651413	0.0	0.0	0.014251038168034495	1.0508730160734088	
7	16	0.0	9.999999999999998	0.0	0.0	2.9999999999999996	0.0	NaN	0.0	1.2	
8	9	0.029540070769766228	9.999999999999998	0.018027961146568842	30988.288574050363	3.147748496452787	0.0	0.0	0.01772404246185974	1.0099262049494973	
8	16	0.0	9.999999999999998	0.0	0.0	2.9999999999999996	0.0	NaN	0.0	1.2	
9	9	0.03664152813177397	9.999999999999998	0.022885730269502833	38368.281676813196	3.795238731906899	0.0	0.0	0.021984916879064387	0.997855414568665	
9	16	0.0	9.999999999999998	0.0	0.0	2.9999999999999996	0.0	NaN	0.0	1.2	
10	9	0.04552874703755528	9.999999999999998	0.02992671356835273	48422.32865500136	4.61359159166992	0.0	0.0	0.02731724822253317	1.0168509168909923	
10	16	0.0	9.999999999999998	0.0	0.0	2.9999999999999996	0.0	NaN	0.0	1.2	
11	9	0.056980317557197284	9.999999999999998	0.040186252711317365	62995.23283714015	5.680411291151162	0.0	0.0	0.034188190534318375	1.0467213079209277	
11	16	0.0	9.999999999999998	0.0	0.0	2.9999999999999996	0.0	NaN	0.0	1.2	
12	9	0.07196405482000419	9.999999999999998	0.05206385540025916	83184.2356756536	7.0919022943249965	0.0	0.0	0.04317843289200252	1.0692584518174475	
12	16	0.0	9.999999999999998	0.0	0.0	2.9999999999999996	0.0	NaN	0.0	1.2	
13	9	0.09127817913583564	9.999999999999998	0.06821578676141145	108186.34312649615	8.929626868634449	0.0	0.0	0.05476690748150139	1.0631124701818602	
13	16	0.0	9.999999999999998	0.0	0.0	2.9999999999999996	0.0	NaN	0.0	1.2	
14	9	0.11623370152527751	9.999999999999998	0.08792435253966568	141051.0488330865	11.327744657575881	0.0	0.0	0.06974022091516652	1.0809998738661544	
14	16	0.0	9.999999999999998	0.0	0.0	2.9999999999999996	0.0	NaN	0.0	1.2	
15	9	0.1481487172310638	9.999999999999998	0.11109807222413355	182038.24649570047	14.42404155893829	0.0	0.0	0.08888923033863828	1.0833610629603836	
15	16	0.0	9.999999999999998	0.0	0.0	2.9999999999999996	0.0	NaN	0.0	1.2	
16	9	0.18859033212533546	9.999999999999998	0.13816327285936206	232745.22161430007	18.383213323648672	0.0	0.0	0.11315419927520129	1.0629831290032603	
16	16	0.0	9.999999999999998	0.0	0.0	2.9999999999999996	0.0	NaN	0.0	1.2	
17	9	0.23947995894866014	9.999999999999998	0.17250347932896143	295372.8012480727	23.40720289679323	0.0	0.0	0.1436879753691961	1.0527260393391527	
17	16	0.0	9.999999999999998	0.0	0.0	2.9999999999999996	0.0	NaN	0.0	1.2	
18	9	0.3023383629942743	9.999999999999998	0.2097018769257604	367988.53821332403	29.662915131332298	0.0	0.0	0.18140301779656462	1.0357068847889066	
18	16	0.0	9.999999999999998	0.0	0.0	2.9999999999999996	0.0	NaN	0.0	1.2	
19	9	0.3798458300245576	9.999999999999998	0.2546461407868749	457604.4100225195	37.43833574036424	0.0	0.0	0.2279074980147346	1.016584025827064	
19	16	0.0	9.999999999999998	0.0	0.0	2.9999999999999996	0.0	NaN	0.0	1.2	
20	9	0.4733844668571538	9.999999999999998	0.30416294515514586	557214.3327744763	46.89740996718037	0.0	0.0	0.28403068011429233	0.9959133334866491	
20	16	0.0	9.999999999999998	0.0	0.0	2.9999999999999996	0.0	NaN	0.0	1.2	
21	9	0.5846501476818187	9.999999999999998	0.3594473261174385	668913.6876967051	58.23949759591198	0.0	0.0	0.3507900886090913	0.9587848600426833	
21	16	0.0	9.999999999999998	0.0	0.0	2.9999999999999996	0.0	NaN	0.0	1.2	
22	9	0.7151640250633253	9.999999999999998	0.4133317222403388	792163.3177653877	71.65321991357875	0.0	0.0	0.4290984150379953	0.9308015244585205	
22	16	0.0	9.999999999999998	0.0	0.0	2.9999999999999996	0.0	NaN	0.0	1.2	
23	9	0.8617573964069701	9.999999999999998	0.4669794763470208	922501.2604913913	87.24816550491411	0.40578329788683815	0.00515711250734841	0.5170544378441821	0.8966352078803578	
23	16	0.0	9.999999999999998	0.0	0.0	2.9999999999999996	0.0	NaN	0.0	1.2	
24	9	1.0110074272912202	9.999999999999998	0.5166343227578403	1040960.6451179829	104.8026313394254	2.3672595987961684	0.02491498105209487	0.6066044563747321	0.8632194692414736	
24	16	0.0	9.999999999999998	0.0	0.0	2.9999999999999996	0.0	NaN	0.0	1.2	
25	9	1.1597053845643839	9.999999999999998	0.5668252882098365	1153914.234293816	124.20747114395165	6.079324152628453	0.05371216028104492	0.6958232307386304	0.8263475084595181	
25	16	0.0	9.999999999999998	0.0	0.0	2.9999999999999996	0.0	NaN	0.0	1.2	
26	9	1.3039694163253244	9.999999999999998	0.6053913019655319	1257701.061376213	145.29047023783275	11.71933996499054	0.08808959313713534	0.7823816497951948	0.7959330805318147	
26	16	0.0	9.999999999999998	0.0	0.0	2.9999999999999996	0.0	NaN	0.0	1.2	
27	9	1.4407949329755334	9.999999999999998	0.6363621824779742	1329134.1116179388	167.47647092410463	19.016079565094657	0.1234695148712361	0.8644769597853201	0.7697366083104461	
27	16	0.0	9.999999999999998	0.0	0.0	2.9472942567953297	0.0	NaN	0.0	1.2	
28	9	1.571502736638874	9.999999999999998	0.663092918163543	1407728.5913987556	190.8828569035974	27.93790619564241	0.15855561611739533	0.9429016419833246	0.7443155362832976	
28	16	0.016748193515208815	9.999999999999998	0.0	0.0	2.2596867670834904	0.0	0.0	0.01004891610912529	1.2	
29	9	1.6949273453476585	9.999999999999998	0.6811165995737017	1467264.9182761686	215.16926781604272	38.316757878122395	0.19228776544302822	1.0169564072085953	0.7265392518272945	
29	16	0.029808839718350345	9.999999999999998	0.005052789654509277	19656.962841180513	2.2673313658648278	0.0	0.0	0.01788530383101021	0.27012847679115876	
30	9	1.8105238291279717	9.999999999999998	0.6981674854260184	1510442.5744237383	240.044681074459	49.98033858544738	0.2242038458071261	1.0863142974767832	0.7053975377145338	
30	16	0.03571803848654036	9.999999999999998	0.008570720868318407	24408.58789504735	2.677459584601195	0.0	0.0	0.021430823091924216	0.36377350919038215	
31	9	1.9192011091757448	9.999999999999998	0.7127590743890307	1555083.4178653713	265.5306318846868	62.88732690130377	0.2544147237085835	1.151520665505447	0.6920558073384145	
31	16	0.042451296292150234	9.999999999999998	0.009942806417127753	28296.650543463933	3.1525878204831272	0.0	0.0	0.025470777775290145	0.39710474406459334	
32	9	2.0198140590635445	9.999999999999998	0.7245320488239883	1575237.3431704855	291.1962530781205	76.76510507402296	0.28260428751752675	1.211888435438127	0.6782921906989156	
32	16	0.05047099892093842	9.999999999999998	0.011543107235465174	32824.56215575726	3.7034297555436857	0.0	0.0	0.030282599352563055	0.32170408421081037	
33	9	2.113666441094773	9.999999999999998	0.7353811954707491	1609314.8041941212	317.2829939373016	91.71223252715302	0.30931724839381347	1.268199864656864	0.6658630253971618	
33	16	0.060500274316997935	9.999999999999998	0.013476162415033048	38895.37128361574	4.35636524134537	0.0	0.0	0.03630016459019877	0.3620247465562238	
34	9	2.200858365078587	9.999999999999998	0.7424995234506575	1643533.839208194	343.7904868304825	107.71716649598334	0.33476258811836995	1.3205150190471524	0.6565563226862411	
34	16	0.07309091625929855	9.999999999999998	0.015909053531750313	46344.55531057076	5.134729246711046	0.0	0.0	0.043854549755579134	0.4036522507371996	
35	9	2.2807379162977424	9.999999999999998	0.7522412278630093	1665628.977812337	370.504604473294	124.64434770440477	0.3589528521397254	1.3684427497786456	0.6477416931327103	
35	16	0.08834827915367316	9.999999999999998	0.01761762350860143	54824.361595284456	6.055639030330342	0.0	0.0	0.05300896749220391	0.4213541094934339	
36	9	2.353149109279409	9.999999999999998	0.7567901281761574	1684142.7286260684	397.36153958476575	142.44882714673048	0.38205295331318667	1.4118894655676455	0.6382220280887446	
36	16	0.10575724678963772	11.666666666666664	0.020277756939556933	63374.32300472533	7.119357634731591	0.0	0.0	0.06345434807378264	0.3428917342272777	
37	9	2.418327367072886	9.999999999999998	0.7607738794588214	1700151.2470927725	424.31666962856417	161.06751528423817	0.40413646158383393	1.4509964202437318	0.6321720938100325	
37	16	0.1255860261644247	9.999999999999998	0.02262967527997124	72247.7099665224	8.33056031852273	0.0	0.0	0.07535161569865484	0.3583939295572773	
38	9	2.4764238871261615	9.999999999999998	0.7654545398761714	1715027.1352930397	451.3495941214263	180.467358138071	0.4253183274857714	1.485854332275697	0.6247563874406272	
38	16	0.14693352570937016	14.999999999999998	0.02450905714863373	79696.90297384256	9.663433423610442	0.0	0.0	0.0881601154256221	0.368955051285442	
39	9	2.5269172456454823	9.999999999999998	0.7698151737814899	1713769.9957239039	478.17862358847714	200.43822234955798	0.4455458734124849	1.5161503473872897	0.6209200559070928	
39	16	0.1689282382618659	13.333333333333332	0.02669949753475434	86374.9737257405	11.103718776895956	0.0	0.0	0.10135694295711956	0.31404383934089247	
40	9	2.570684281270615	9.999999999999998	0.7717617286663743	1721803.8163235637	504.967053133214	221.04832708899056	0.4649907509879671	1.5424105687623693	0.6152896181248928	
40	16	0.19253009052013792	9.999999999999998	0.029503935165303124	94901.29116392654	12.682904448443157	0.0	0.0	0.11551805431208277	0.32508372505678984	
41	9	2.608303570128014	9.999999999999998	0.7721920026067245	1729733.1990179946	531.7133359346789	242.24262813430084	0.4836695602626066	1.5649821420768086	0.6133167976071335	
41	16	0.2182035747384655	14.999999999999998	0.03163872837340533	103472.36117627218	14.400835307381861	0.0	0.0	0.13092214484307932	0.33260463571687454	
42	9	2.640088987765744	9.999999999999998	0.7724724348761793	1721959.9133469868	558.1440902485813	263.73930041227635	0.5014105163030742	1.5840533926594467	0.6093951491938149	
42	16	0.246503122492958	13.333333333333332	0.03455238557895672	112917.73056646885	16.271814575695764	0.0	0.0	0.14790187349577483	0.34225793223508844	
43	9	2.6662614509631752	9.999999999999998	0.7722381810210842	1722759.7689084655	584.4108525751739	285.65822421866125	0.5184566150044944	1.5997568705779055	0.6092889521432289	
43	16	0.27527607483997524	11.666666666666664	0.03799427437090623	124541.30281743564	18.332773563822332	0.1203689650962789	0.007043465511459418	0.16516564490398516	0.30573882948964287	
44	9	2.6865704660663745	9.999999999999998	0.7724443032908703	1708054.595069091	610.2445058763182	307.77384568212193	0.5347617960504146	1.611942279639825	0.6065435002245406	
44	16	0.30343168314900903	11.666666666666664	0.0413528463735314	135415.1844508854	20.569367750193333	0.361308213972568	0.01889751713621258	0.18205900988940546	0.3123863330934378	
45	9	2.7015820798014376	9.999999999999998	0.7705561395780498	1698999.7721797198	635.7464399323161	330.1276426022373	0.5504328032938712	1.6209492478808627	0.6022211730431791	
45	16	0.33340933747139023	19.999999999999996	0.04556967034308435	148640.74815665433	23.021399779743284	0.7131210415417815	0.0334072478199411	0.20004560248283418	0.3127884763829064	
46	9	2.7121384809806885	9.999999999999998	0.7678740681685765	1700271.1973444938	661.0988533151635	352.8111054111755	0.5655570051473889	1.6272830885884133	0.6012769271836362	
46	16	0.3640854109843157	16.666666666666664	0.04938156498860919	161475.56437513826	25.680609393333377	1.1673188116700801	0.049126962248824006	0.21845124659058945	0.3222086739615681	
47	9	2.7192063584855735	9.999999999999998	0.7662924825212472	1694628.0972525612	686.1822465284397	375.6224379845507	0.5799937765445593	1.6315238150913443	0.6018717578024798	
47	16	0.3942052094655093	9.999999999999998	0.05336774388416466	175864.95627220153	28.57269495421114	1.8573777416534674	0.07038383508872817	0.2365231256793056	0.2887894567406558	
48	9	2.7233497303336716	9.999999999999998	0.7630861074004645	1678052.1769666367	710.8078938628977	398.33241439315145	0.5936497054107658	1.634009838200203	0.6008405928773138	
48	16	0.4243920864337406	14.999999999999998	0.056418633826117705	186864.69444981642	31.63701399206301	2.668054008547648	0.09137438189805323	0.2546352518602444	0.2962529487149286	
49	9	2.725284297986901	9.999999999999998	0.7610408801951271	1670123.4479958944	735.1295797681472	421.01804117929913	0.6066123873050944	1.635170578792141	0.5983947964632811	
49	16	0.45530539280412213	11.666666666666664	0.059807608885166196	197812.2046284129	34.871496803644234	3.6059062268940307	0.11207825823322952	0.2731832356824733	0.3007604630016123	
50	9	2.7259796310240234	9.999999999999998	0.7589541495196918	1660572.7901486077	759.1210836009463	443.5634987069467	0.6188224244972061	1.6355877786144144	0.598337083264015	
50	16	0.4862695681669657	14.999999999999998	0.06373019516619721	209500.52066237095	38.287908581245084	4.784172335969178	0.13545493901024686	0.2917617409001795	0.2835432973952933	
51	9	2.7261481266674257	9.999999999999998	0.7550734786460009	1649211.4306817392	782.7530713116089	465.87075090948554	0.6302548464395054	1.6356888760004558	0.5974782970252521	
51	16	0.5167488922335488	13.333333333333332	0.06731978206853917	221310.1040991554	41.887138022512055	6.0821387251272485	0.15734836101717767	0.31004933534012935	0.2843631586665718	
52	9	2.7261481266674257	9.999999999999998	0.75316591118971	1633502.6486426534	805.9521964559773	487.82153367927486	0.6408966187194458	1.6356888760004558	0.5955817706166603	
52	16	0.5469894409006085	18.333333333333332	0.0704952760346506	232264.0479612288	45.65304234665087	7.5148880382911365	0.17829993932849772	0.32819366454036514	0.29160927432195044	
53	9	2.7261481266674257	9.999999999999998	0.7493916534880585	1626788.591800026	828.8781327757829	509.5253164402267	0.6508452571654955	1.6356888760004558	0.5951343753427241	
53	16	0.5780123771238841	16.666666666666664	0.07333665076828805	242344.792661113	49.569281418279395	9.066975695579563	0.19806308594374464	0.34680742627433053	0.2916633666883086	
54	9	2.7261481266674257	9.999999999999998	0.7459429750385224	1620749.2994338248	851.544479146497	530.984717994686	0.6601606932973575	1.6356888760004558	0.596051822671927	
54	16	0.6093801693557425	19.999999999999996	0.0766041340980495	253361.2206261448	53.65115023439516	10.823804514885436	0.2183905196003344	0.36562810161344556	0.2758037998804821	
55	9	2.7261481266674257	9.999999999999998	0.7435248361211333	1612010.3150575913	873.905933003294	552.1467480563447	0.6688727342906111	1.6356888760004558	0.5946651422253719	
55	16	0.6403341625563518	13.333333333333332	0.07932377111662829	263388.72154359415	57.8802987945301	12.751566088744214	0.2384547574183164	0.38420049753381114	0.2817910384399893	
56	9	2.7261481266674257	9.999999999999998	0.7410287784520495	1603186.8486965562	895.9630745339254	573.0098524625683	0.6770352316563226	1.6356888760004558	0.5925092587469112	
56	16	0.6721394807113876	14.999999999999998	0.08262809707542258	273443.33130623057	62.25620806331706	14.707332172521616	0.2556297234397458	0.40328368842683265	0.2841320505920754	
57	9	2.7261481266674257	9.999999999999998	0.7374862618241173	1591941.413982775	917.6757424013982	593.5338730312404	0.6846816983247453	1.6356888760004558	0.5932919388635712	
57	16	0.7059694817750924	13.333333333333332	0.08566874131157745	284080.2445917135	66.7880384101694	16.70062556994869	0.27052992328382514	0.42358168906505556	0.28761950438473366	
58	9	2.7261481266674257	9.999999999999998	0.7346851393459695	1578205.3312064635	939.0028486876048	613.6777989706942	0.6918424745802983	1.6356888760004558	0.5946680884155137	
58	16	0.7399798888897332	9.999999999999998	0.08850305801462682	293066.9875494486	71.44598107192445	18.781441088716587	0.284346016425933	0.44398793333383996	0.2766005178509338	
59	9	2.7261481266674257	9.999999999999998	0.7312545787090531	1567988.14701588	960.008316216907	633.4996299012146	0.698578213058836	1.6356888760004558	0.5933058908616071	
59	16	0.7744279103560733	19.999999999999996	0.09162059367401146	303051.33615470084	76.24657329179894	20.926231106164856	0.29684447385085116	0.46465674621364406	0.27650448619404605	
60	9	2.7261481266674257	9.999999999999998	0.7278958558853447	1557360.4396836108	980.6871556805231	652.9920457439938	0.7049208930402538	1.6356888760004558	0.593816240699061	
60	16	0.8098419422958958	16.666666666666664	0.09400798986676692	312227.5797614701	81.17477113137824	23.055319509817718	0.30716816510300743	0.48590516537753753	0.27976696783035426	
61	9	2.7261481266674257	9.999999999999998	0.7257490575249285	1540941.6322791104	1000.9406388781769	672.0592189174977	0.7108721503628738	1.6356888760004558	0.5930493757910221	
61	16	0.8458393094336263	14.999999999999998	0.09674771037699935	321033.4821512246	86.22326125771406	25.223042573351883	0.31637170273361653	0.5075035856601758	0.28086612536488803	
62	9	2.7261481266674257	9.999999999999998	0.7232181114690723	1529035.2727894008	1020.8502720700118	690.7747858221584	0.7164847411848757	1.6356888760004558	0.5931847020637118	
62	16	0.8828242711367551	16.666666666666664	0.09911385218455394	328632.2617414116	91.37019617526599	27.486256342973338	0.32535051246432883	0.5296945626820532	0.26864380949780853	
63	9	2.7261481266674257	9.999999999999998	0.7193627472950112	1523110.7108118765	1040.5226205820372	709.235130294245	0.7218113364385084	1.6356888760004558	0.5940352611704228	
63	16	0.9208651865573627	23.33333333333333	0.10258420662574995	339563.2322189766	96.67298644319715	29.84019688707824	0.3338993126473497	0.5525191119344177	0.2706546977201209	
64	9	2.7261481266674257	9.999999999999998	0.7166584612416751	1507984.0445099168	1059.798907908636	727.2869421922805	0.7268299906822803	1.6356888760004558	0.5930617899272613	
64	16	0.9591070669876095	11.666666666666664	0.10498623511951358	347782.04320238665	102.083315436111	32.29481606874318	0.3423552734917653	0.5754642401925658	0.27233992519960576	
65	9	2.7261481266674257	9.999999999999998	0.7132060172515691	1498085.9025256692	1078.7729228463763	745.012942488384	0.7315849269605742	1.6356888760004558	0.5930843507929965	
65	16	0.9975846142946203	19.999999999999996	0.10815387628328058	357842.8493875956	107.63256142200811	34.81572851989	0.350160624429547	0.5985507685767723	0.273816962821306	
66	9	2.7261481266674257	9.999999999999998	0.7111104231500341	1484296.6619041064	1097.3788863815728	762.3455703556668	0.7360769570247211	1.6356888760004558	0.5961443647142088	
66	16	1.0365221204587314	23.33333333333333	0.10979960040278396	364743.5708823811	113.26471538211048	37.402578957019045	0.3575065312599859	0.621913272275239	0.2614303641979541	
67	9	2.7261481266674257	9.999999999999998	0.7085508586937046	1477287.358345958	1115.7374367082111	779.3894341627301	0.7403499076816114	1.6356888760004558	0.5937656645186815	
67	16	1.0756126303539923	23.33333333333333	0.11243177820032194	372205.56369743025	118.98900099405438	40.024295251024284	0.36416822795365505	0.6453675782123955	0.2646584882703695	
68	9	2.7261481266674257	9.999999999999998	0.7063109877834101	1468043.307796408	1133.8112923308347	796.0998819310369	0.7444070429013453	1.6356888760004558	0.5916941831730536	
68	16	1.1138370353760136	18.333333333333332	0.11451972359152525	379779.5774830854	124.8067503245545	42.74920592693954	0.3708240279709314	0.6683022212256082	0.2666961295023222	
69	9	2.7261481266674257	9.999999999999998	0.7032611654842604	1455367.4171766564	1151.5425598427219	812.4104003427881	0.7482466426071726	1.6356888760004558	0.5938436686876568	
69	16	1.1526178886389387	19.999999999999996	0.116180211516596	384893.3924048334	130.67445792846533	45.42936197434395	0.3762915808911794	0.6915707331833633	0.2692111090473353	
70	9	2.7261481266674257	9.999999999999998	0.7001106528275844	1443776.6381291929	1168.9524568281106	828.3238231036165	0.751883188678516	1.6356888760004558	0.5952499262226039	
70	16	1.191565585695735	21.666666666666664	0.1181768825922867	391647.46154624876	136.62037377162048	48.16746603072423	0.38145350122910276	0.7149393514174411	0.254829846267949	
71	9	2.7261481266674257	9.999999999999998	0.6973977999498482	1435157.2326295013	1186.0949317327215	843.8655505071192	0.7553347986420178	1.6356888760004558	0.5957384582039981	
71	16	1.2310627668961358	23.33333333333333	0.12055356274573117	398213.6278540333	142.6406965930849	50.98787781193027	0.38657691326790616	0.7386376601376816	0.2568726146606667	
72	9	2.7261481266674257	9.999999999999998	0.6941058447083066	1428661.1940709585	1203.0087907961176	859.0344059738225	0.7586122352617277	1.6356888760004558	0.5934867115306633	
72	16	1.2705194327555396	21.666666666666664	0.12334835228487151	407409.9741850699	148.7807641573187	53.9506619376935	0.3919886707522756	0.7623116596533239	0.26041390835530415	
73	9	2.7261481266674257	9.999999999999998	0.6916933942103873	1416928.1664245464	1219.6043030237984	873.6950382256641	0.7616974870067222	1.6356888760004558	0.5947735127762225	
73	16	1.3091106080549484	18.333333333333332	0.12535400974399413	413414.1089170079	154.98413660665287	57.030879057290065	0.39762836333397805	0.7854663648329692	0.26469453207001475	
74	9	2.7261481266674257	9.999999999999998	0.6888914256612065	1406463.2778430528	1235.9057126035598	887.7775487793981	0.7645877134124314	1.6356888760004558	0.5942768507354798	
74	16	1.3478056367337286	29.999999999999996	0.12787440227423136	420421.7570506937	161.2678769640261	60.16894534446773	0.402973788840757	0.8086833820402373	0.25411529033063734	
75	9	2.7261481266674257	9.999999999999998	0.6853313457395477	1394629.9872335067	1252.0360886910216	900.8696689919985	0.7672124928249596	1.6356888760004558	0.5961525868950835	
75	16	1.3875985599591871	18.333333333333332	0.13015113761638472	426580.66583679855	167.61665239728134	63.3558295051538	0.40805643563224525	0.8325591359755125	0.25822706360219494	
76	9	2.7261481266674257	9.999999999999998	0.6822729463992582	1382292.9807127505	1269.069339606763	911.0816926126116	0.7692195719139246	1.6356888760004558	0.5955253176919859	
76	16	1.4282562555360294	16.666666666666664	0.13348969656793966	434616.0126659543	174.0627275774446	66.64611288729934	0.4131754570355096	0.8569537533216178	0.25854694533048406	
77	9	2.7261481266674257	9.999999999999998	0.6806114385657298	1374621.9975252037	1287.602131871503	917.5783490928848	0.7704785154536515	1.6356888760004558	0.5954672817098005	
77	16	1.4689817193465569	23.33333333333333	0.13543400228115599	442295.9988584586	180.5992542716585	70.03957654882853	0.4183329461521568	0.8813890316079342	0.26017437836260954	
78	9	2.7261481266674257	9.999999999999998	0.6788778782587819	1368393.298350971	1307.6275973705135	920.4720762061245	0.7710348606131385	1.6356888760004558	0.5955322035374614	
78	16	1.5103067539108108	26.666666666666664	0.13787361433917666	449855.9517270697	187.22353162436298	73.44043421210351	0.4229234886566647	0.9061840523464867	0.2537831725833964	
79	9	2.7261481266674257	9.999999999999998	0.676649811832322	1360282.0551644561	1328.1499043284182	921.6879809662952	0.7712678253636763	1.6356888760004558	0.5970360724965559	
79	16	1.5534394880915396	26.666666666666664	0.14046467461999793	457748.5794981637	193.94076674301857	76.8109748052267	0.42680235036080794	0.932063692854924	0.2548185094434832	
80	9	2.7261481266674257	9.999999999999998	0.6743680256035292	1350464.2550949354	1348.7552020037585	921.9344899220175	0.7713149981658121	1.6356888760004558	0.5941972502330465	
80	16	1.5978896724554317	21.666666666666664	0.14330494869104068	464203.97251621063	200.72528576615824	80.19503534810704	0.43034626534858805	0.9587338034732591	0.2597106609424757	
81	9	2.7261481266674257	9.999999999999998	0.6736286238606874	1341199.2972507968	1369.0860603677327	921.9344899220175	0.7713149981658121	1.6356888760004558	0.5957859602272858	
81	16	1.6431004069760204	26.666666666666664	0.14620466448668545	472545.93767799024	207.60951484239493	83.64067925260295	0.4337712772485909	0.9858602441856125	0.26102469464190464	
82	9	2.7261481266674257	9.999999999999998	0.6707273287669597	1335322.1214071608	1389.1089489567883	921.9344899220175	0.7713149981658121	1.6356888760004558	0.5966065463749065	
82	16	1.6875468408817704	29.999999999999996	0.14907910416227205	481491.01155003236	214.60329367812943	87.24432785411946	0.4375403240499028	1.0125281045290624	0.2527696691650745	
83	9	2.7261481266674257	9.999999999999998	0.6693676111889003	1330580.525033982	1408.8581852592135	921.9344899220175	0.7713149981658121	1.6356888760004558	0.5962142332632916	
83	16	1.7315002091900342	26.666666666666664	0.15092828562906546	488302.31603758014	221.66869753689858	90.88886781642655	0.44110992169860325	1.0389001255140207	0.2552881667845694	
84	9	2.7261481266674257	9.999999999999998	0.6679740598361233	1325413.2198122311	1428.3264980525055	921.9344899220175	0.7713149981658121	1.6356888760004558	0.5952393050950159	
84	16	1.776457394188185	19.999999999999996	0.15381285254314794	496867.8729671986	228.83581728043757	94.55159862603564	0.44431694025155644	1.0658744365129111	0.2582388015128624	
85	9	2.7261481266674257	9.999999999999998	0.6663718079954126	1316734.0457147222	1447.425186408037	921.9344899220175	0.7713149981658121	1.6356888760004558	0.5956350051514121	
85	16	1.8221132147718866	29.999999999999996	0.15672604459784917	503115.9598406814	236.0635793819707	98.2296741624218	0.4472438840670358	1.0932679288631322	0.25860680291055355	
86	9	2.7261481266674257	9.999999999999998	0.6649611072753806	1310146.6097528122	1466.2144128185455	921.9344899220175	0.7713149981658121	1.6356888760004558	0.5972231137105846	
86	16	1.8674095063771678	29.999999999999996	0.15897883681187022	509824.11952134944	243.3595937276245	101.96699430991426	0.4500965748573146	1.120445703826301	0.25267894100402	
87	9	2.7261481266674257	9.999999999999998	0.6619759522188191	1303090.424395265	1484.6861042603762	921.9344899220175	0.7713149981658121	1.6356888760004558	0.5967225245443338	
87	16	1.9125765536863213	26.666666666666664	0.16225909343136583	517712.10636107164	250.7439628238267	105.78911213724305	0.4529604617478859	1.147545932211793	0.2543895622311005	
88	9	2.7261481266674257	9.999999999999998	0.6610977407104979	1290866.8716382931	1502.7081892653468	921.9344899220175	0.7713149981658121	1.6356888760004558	0.5978863795888587	
88	16	1.958730496348465	26.666666666666664	0.16399200288041632	522078.1150422295	258.15471097192807	109.58473846415873	0.4554706928316319	1.1752382978090792	0.2570707760956576	
89	9	2.7261481266674257	9.999999999999998	0.6597757835579721	1288147.0529286966	1520.537340052443	921.9344899220175	0.7713149981658121	1.6356888760004558	0.5959804877895226	
89	16	2.0066489837631916	24.999999999999996	0.16746145332519605	531673.4045598785	265.6827962853984	113.3924461511281	0.4576483957743273	1.203989390257915	0.25903064373032647	
90	9	2.7261481266674257	9.999999999999998	0.6577903088550547	1283701.6794506887	1538.131082165256	921.9344899220175	0.7713149981658121	1.6356888760004558	0.5962968982050397	
90	16	2.0561731561438075	31.66666666666666	0.17094092856063572	541581.745680619	273.3328847012571	117.29458566791301	0.4598489215704214	1.2337038936862847	0.2609842634057833	
91	9	2.7261481266674257	9.999999999999998	0.655442645654672	1272190.6899704365	1555.306357232182	921.9344899220175	0.7713149981658121	1.6356888760004558	0.5993560736610862	
91	16	2.1054179832360367	29.999999999999996	0.1733404963157875	546451.8730046435	281.01634910609823	121.28295108874094	0.4621781667583468	1.263250789941622	0.2548343502517707	
92	9	2.7261481266674257	9.999999999999998	0.6541797749060286	1266434.3793051902	1572.2204997967865	921.9344899220175	0.7713149981658121	1.6356888760004558	0.5974549437311142	
92	16	2.1553170964972916	31.66666666666666	0.1755445080485486	553414.0918268525	288.7694256997107	125.25885513800155	0.46419629540965524	1.2931902578983752	0.25430700862971606	
93	9	2.7261481266674257	9.999999999999998	0.6528407846938461	1257227.0268849118	1588.7861468519673	921.9344899220175	0.7713149981658121	1.6356888760004558	0.5978023075152626	
93	16	2.206033542576477	29.999999999999996	0.17807917594065426	558821.4687278424	296.5645481300304	129.2153069890241	0.465949030272961	1.3236201255458866	0.25669598124217613	
94	9	2.7261481266674257	9.999999999999998	0.6512593968726605	1249336.2494826878	1605.0427141964678	921.9344899220175	0.7713149981658121	1.6356888760004558	0.5983736978404677	
94	16	2.2576723797572726	34.99999999999999	0.18083657116530447	564094.8499124337	304.39909807249893	133.1716770362595	0.4675269864494111	1.3546034278543637	0.2568882273989609	
95	9	2.7261481266674257	9.999999999999998	0.6489340650498746	1239362.5159804774	1620.9394420705794	921.9344899220175	0.7713149981658121	1.6356888760004558	0.5986568807814283	
95	16	2.3099151533338893	29.999999999999996	0.18407101762720496	571716.222055515	312.3137307936095	137.22787266332398	0.4692278208057831	1.385949092000334	0.25040919374678366	
96	9	2.7261481266674257	9.999999999999998	0.6479766998453597	1229951.0499688955	1636.4959332172825	921.9344899220175	0.7713149981658121	1.6356888760004558	0.5996499215237623	
96	16	2.3620737923886725	36.666666666666664	0.18741028314129843	578038.3346493015	320.2852637326415	141.3596231531848	0.4709965590455835	1.4172442754332037	0.2533909801556419	
97	9	2.7261481266674257	9.999999999999998	0.6470863633227055	1223940.3093639559	1651.8065381985414	921.9344899220175	0.7713149981658121	1.6356888760004558	0.5992445365479595	
97	16	2.4144068599450916	46.66666666666666	0.18992622337792275	585037.3418106579	328.32511072877577	145.5553323535189	0.47277352475536205	1.4486441159670551	0.25473729774450193	
98	9	2.7261481266674257	9.999999999999998	0.6457079605672474	1213452.0563032709	1666.756608357438	921.9344899220175	0.7713149981658121	1.6356888760004558	0.5992174911332265	
98	16	2.4677173929332583	24.999999999999996	0.19255714431086676	589061.3674442979	336.38096403271425	149.69192836250568	0.4742261898157616	1.4806304357599551	0.2527695902758186	
99	9	2.7261481266674257	9.999999999999998	0.6444828757384836	1198724.5657479125	1681.2389526965821	921.9344899220175	0.7713149981658121	1.6356888760004558	0.601135854313006	
99	16	2.521331980111106	38.33333333333333	0.1941350696663313	590359.0950770172	344.40520207748455	153.80313561179187	0.47555614420554143	1.5127991880666638	0.24777604380959858	
100	9	2.7261481266674257	9.999999999999998	0.6419604429481378	1189324.5294506114	1693.2816838155184	921.9344899220175	0.7713149981658121	1.6356888760004558	0.6006843844179249	
100	16	2.5755178936776684	39.99999999999999	0.19800819356319507	596370.2208523195	352.4801826113042	157.9139768630956	0.4767392470497496	1.5453107362066012	0.25068959024559323	
