time(d)	species	LAI	nrShoots	fAbs	assCO2(umol/m2)	biomAbove(gr/m2)	yield(gr/m2)	harvestIndex	leafArea	fieldRFR	
1	16	0.0	9.999999999999998	0.0	0.0	2.9999999999999996	0.0	NaN	0.0	1.2	
2	16	0.0	9.999999999999998	0.0	0.0	2.943861459615354	0.0	NaN	0.0	1.2	
3	16	0.019289012997215582	9.999999999999998	0.0	0.0	2.158207121333616	0.0	0.0	0.011573407798329351	1.2	
4	16	0.030277402984415724	9.999999999999998	0.004927477563888187	22044.842129160428	2.3096535011463746	0.0	0.0	0.018166441790649437	0.5874337435906932	
5	16	0.03638410866843648	9.999999999999998	0.008760073649301175	24969.45662136079	2.729271604995468	0.0	0.0	0.02183046520106189	0.7582951179524252	
6	16	0.04417315534161593	9.999999999999998	0.012283523749189668	32179.288747912276	3.2717175056777044	0.0	0.0	0.02650389320496956	0.8790476053382396	
7	16	0.054753199589836245	9.999999999999998	0.01706689406534242	42127.15149177634	3.9838826145421002	0.0	0.0	0.032851919753901754	0.7188764557376729	
8	16	0.0695070916462555	9.999999999999998	0.024326489228618495	54918.26526468648	4.914176447083347	0.0	0.0	0.041704254987753306	0.8169456901408245	
9	16	0.09003088966009158	19.999999999999996	0.03386681749954511	74337.03009691501	6.176636998289411	0.0	0.0	0.05401853379605496	0.8947983668803215	
10	16	0.11719918646926869	19.999999999999996	0.04637860964054417	100303.77581917614	7.883146070842493	0.0	0.0	0.07031951188156123	0.8457637642513715	
11	16	0.15412413662970167	19.999999999999996	0.06104219142546508	134088.66517986858	10.166968624701726	0.0	0.0	0.09247448197782102	0.8881076884579612	
12	16	0.20222462007093292	29.999999999999996	0.07988436705648604	175879.08507224344	13.16373825139589	0.0	0.0	0.12133477204255977	0.9210758676330167	
13	16	0.2624543168046136	29.999999999999996	0.10329723527972917	230242.25216198122	17.087772726476416	0.0	0.0	0.1574725900827682	0.8643416551947419	
14	16	0.3390276961546005	29.999999999999996	0.13060100122788756	297194.53515150317	22.152232311320763	0.0	0.0	0.20341661769276032	0.8815402611458838	
15	16	0.4369599036693321	29.999999999999996	0.1637193478623851	376242.542696145	28.560243467807652	0.0	0.0	0.2621759422015993	0.8870182692335714	
16	16	0.5507275796382254	39.99999999999999	0.2023078861952616	479405.1133553393	37.06218831417097	0.0	0.0	0.3304365477829353	0.8797881159801775	
17	16	0.6555366733628084	39.99999999999999	0.24296847014045075	589352.7245996498	48.476105475953936	0.0	0.0	0.39332200401768513	0.8228064100988598	
18	16	0.7534981352348612	39.99999999999999	0.27593743652336156	679634.0429915431	62.35819212498519	0.0	0.0	0.4520988811409168	0.8051502717293251	
19	16	0.8505680170886388	49.99999999999999	0.30365233256306656	746013.440536159	77.88368359914377	0.0	0.0	0.5103408102531833	0.7776361770451924	
20	16	0.9425791707525771	49.99999999999999	0.32939524975440704	811241.2222164308	95.12887353440603	0.0	0.0	0.5655475024515464	0.7370381477489015	
21	16	1.035807541950446	49.99999999999999	0.35361154121143107	870288.6498668727	113.61177535854593	0.0	0.0	0.6214845251702676	0.7229520479120496	
22	16	1.1315900004513786	49.99999999999999	0.37822385182178053	941716.4627475907	133.7484581878961	0.0	0.0	0.6789540002708273	0.7080959913821624	
23	16	1.225841645911539	59.99999999999999	0.40109340643994884	1000914.9066338958	155.30851457893715	0.0	0.0	0.7355049875469236	0.6949402010826428	
24	16	1.3145529609093067	59.99999999999999	0.42064317346080976	1055973.681287048	178.27081646072278	0.0	0.0	0.7887317765455841	0.6700783669228042	
25	16	1.402337617782548	59.99999999999999	0.4367675535076733	1108013.8435042158	202.10424637373447	0.0	0.0	0.841402570669529	0.6563142608965465	
26	16	1.491945504252959	69.99999999999999	0.45103408086666325	1156736.4470469495	226.83679120047785	0.0	0.0	0.8951673025517756	0.6544768483809251	
27	16	1.579447939792056	69.99999999999999	0.4651404949666252	1198686.2018561398	252.4718076195102	0.0	0.0	0.9476687638752337	0.6275348867600511	
28	16	1.6609902373233696	69.99999999999999	0.47902936239312327	1240849.4530084855	279.15453692223286	0.0	0.0	0.9965941423940219	0.622960545959496	
29	16	1.7556891655415474	69.99999999999999	0.49131116192534985	1281323.3433570054	306.0432015267669	0.0	0.0	1.0534134993249287	0.6139666495313159	
30	16	1.8588930655245584	79.99999999999999	0.5048375292982833	1331696.7775040898	333.792280247268	0.0	0.0	1.1153358393147352	0.6064565745495728	
31	16	1.965814828838464	89.99999999999999	0.5171929595851467	1365166.4276358024	362.141511649164	0.0	0.0	1.1794888973030786	0.5902232748153392	
32	16	2.071757839898261	89.99999999999999	0.5282827160480481	1397359.9396226746	390.92026083761374	0.0	0.0	1.2430547039389568	0.5793613976610057	
33	16	2.1927116737506536	99.99999999999999	0.5379487120293992	1425127.4990723485	419.37927692611356	0.0	0.0	1.3156270042503924	0.5720316330613596	
34	16	2.324795958474996	99.99999999999999	0.5460292048513269	1459937.8667514725	448.1340512389369	0.0	0.0	1.394877575084998	0.558643403001327	
35	16	2.462470089069055	109.99999999999999	0.556505334602527	1493557.304908889	477.4635910011349	0.0	0.0	1.4774820534414332	0.5511047537398432	
36	16	2.6073819603567863	109.99999999999999	0.5654754398192295	1523339.8549209777	506.98257156288065	0.0	0.0	1.564429176214072	0.5421098018117564	
37	16	2.771623582824462	119.99999999999999	0.5746211695163542	1556335.6414095557	536.3195578597622	0.0	0.0	1.6629741496946775	0.5343495557979246	
38	16	2.9511813828599616	139.99999999999997	0.5825140543595269	1588955.2257416465	563.4495270604266	4.721253874540947	0.023134512873789013	1.7707088297159772	0.5223383753269375	
39	16	3.1389390705833895	139.99999999999997	0.594054422067054	1623855.948833239	588.639982320235	14.312290712454354	0.0632791308173176	1.883363442350034	0.5097024755053553	
40	16	3.334823729120929	139.99999999999997	0.6027372786907946	1663521.0983879194	612.1573490688722	28.046837233187297	0.11083593104046659	2.000894237472558	0.5074950169182045	
41	16	3.547323545699714	149.99999999999997	0.6104964312096742	1694941.6995391804	633.6182960574752	45.59822441888081	0.1599672906132506	2.1283941274198286	0.5000776812563487	
42	16	3.772415554703424	169.99999999999997	0.6169083328886641	1722715.0679966533	653.390567124955	66.59942355785326	0.20727171845923148	2.263449332822055	0.49290976504856543	
43	16	4.001601427179569	169.99999999999997	0.6251893186743733	1742896.407148728	671.6817051767673	91.02558161857601	0.252083789281222	2.400960856307742	0.4872136454147354	
44	16	4.226546628276583	179.99999999999997	0.6320057876686945	1754849.624941067	688.7303586202928	118.382454284223	0.2933699525639966	2.53592797696595	0.48585630777871386	
45	16	4.467539294697924	189.99999999999997	0.6352872915770644	1771557.1336044671	703.9225790927039	148.14015499025695	0.32914461674734397	2.680523576818755	0.48369877218450585	
46	16	4.726476047568401	199.99999999999997	0.6368399606070312	1784096.3175121704	717.8270041272926	179.73434043085282	0.35985547269972357	2.8358856285410408	0.48560755060741867	
47	16	4.9935167360050405	209.99999999999997	0.6401820477526835	1791989.847342686	731.127751354423	212.56736320404175	0.386383985153946	2.996110041603025	0.4862307956547703	
48	16	5.265577909426919	219.99999999999997	0.6441367753876653	1800134.4636501253	743.8558009084862	246.37883992269252	0.4092060324532806	3.1593467456561517	0.4902767555437279	
49	16	5.53886769047368	229.99999999999997	0.647036676392276	1817115.0491726175	756.519604664578	280.4598490830783	0.4283306284061976	3.323320614284208	0.4883274445980214	
50	16	5.828282637489167	239.99999999999997	0.6532701605109823	1832038.2014107201	769.0676211263171	314.0723130152354	0.44348303126674954	3.4969695824935005	0.49095670464790064	
51	16	6.055687483178528	249.99999999999997	0.6612570031242229	1854306.557012624	789.0352837411002	339.2250190567614	0.4532850297502351	3.6334124899071174	0.49021390703524376	
52	16	6.224899818792243	259.99999999999994	0.6658447324015265	1860699.078444884	814.7038964403329	357.21882872821254	0.4593699718319788	3.734939891275346	0.4913264392066812	
53	16	6.387909033202563	279.99999999999994	0.6684091224249046	1870092.764005769	841.8112116968788	372.62030452820653	0.4633948369094459	3.8327454199215385	0.48600520697565663	
54	16	6.568236747388391	289.99999999999994	0.6717263066656554	1882501.9878070496	868.952307963157	386.8092546434682	0.4656964495974357	3.940942048433035	0.4809409236275723	
55	16	6.759271536808712	299.99999999999994	0.6763135638400103	1894208.6041055124	896.1147128099557	400.5309795826224	0.4673051955844941	4.055562922085228	0.48036849294326966	
56	16	6.951382268845696	309.99999999999994	0.6819858288908178	1908475.7624427525	923.3429078121409	414.4942261528398	0.469056266411477	4.170829361307418	0.47769707067676986	
57	16	7.143630804892842	329.99999999999994	0.6870753078397414	1932455.6518434684	950.8057231588514	428.57675826645357	0.4707094396734598	4.286178482935706	0.47084066771323146	
58	16	7.339124194831503	339.99999999999994	0.6924943571513754	1955549.8080323206	978.48614286294	442.6153313508517	0.4721032190271718	4.4034745168989025	0.46712571833168964	
59	16	7.538095623763693	349.99999999999994	0.6971456102144293	1963000.8088304223	1006.1100737254517	456.4698166079574	0.47324765226747556	4.5228573742582165	0.4646411106027233	
60	16	7.73908095938383	359.99999999999994	0.7040377149071874	1985245.7231308634	1033.935723762028	470.4633445337039	0.47437388919148665	4.643448575630298	0.46158892827915415	
61	16	0.0	0.0	0.0	0.0	1033.935723762028	470.4633445337039	0.47437388919148665	0.0	NaN	
