time(d)	species	LAI	nrShoots	fAbs	assCO2(umol/m2)	biomAbove(gr/m2)	yield(gr/m2)	harvestIndex	leafArea	fieldRFR	
1	16	0.0	10.0	0.0	0.0	3.0	0.0	NaN	0.0	1.200000000000002	
2	16	0.0	10.0	0.0	0.0	2.9438614596153565	0.0	NaN	0.0	1.200000000000002	
3	16	0.014466759747911704	10.0	0.0	0.0	2.1582071213336165	0.0	0.0	0.14466759747911703	1.200000000000002	
4	16	0.02099701129167772	10.0	0.003087355747589199	12594.632814108996	2.1449556312120306	0.0	0.0	0.2099701129167772	0.3715756730645166	
5	16	0.023271031541601817	10.0	0.005029028177971653	12775.670865902268	2.353299292483599	0.0	0.0	0.23271031541601817	0.5155938770411875	
6	16	0.02586279517471111	10.0	0.006181754862462078	14717.942215933548	2.593960589868202	0.0	0.0	0.2586279517471111	0.571002042336659	
7	16	0.029016196054949546	10.0	0.007580415538760182	17241.182247150973	2.876976681733267	0.0	0.0	0.29016196054949545	0.4129540229383249	
8	16	0.033120616896845215	10.0	0.009579948663075356	20910.960850168354	3.222044263970139	0.0	0.0	0.3312061689684521	0.4791443010839167	
9	16	0.03828097329966298	11.5	0.011884057961328224	25529.254329948028	3.6452762852772516	0.0	0.0	0.3828097329966298	0.5238069428136313	
10	16	0.04438754704034071	11.8	0.01419684953419222	30753.20802719759	4.1567019646944425	0.0	0.0	0.4438754704034071	0.42511496223711936	
11	16	0.05176954664734033	11.7	0.017067347535222828	36536.442210092246	4.765474700447916	0.0	0.0	0.5176954664734033	0.4678745762202166	
12	16	0.06069552686239584	13.2	0.019798084300992634	44386.12976362412	5.506953218839759	0.0	0.0	0.6069552686239584	0.49634114933071943	
13	16	0.07052179320757944	13.1	0.02264032031435032	51105.40655120498	6.360543390928665	0.0	0.0	0.7052179320757944	0.42085051930246087	
14	16	0.08179438958612564	12.7	0.026105430611997615	59495.862842357266	7.354615730603021	0.0	0.0	0.8179438958612565	0.4403131441658265	
15	16	0.09509451198482025	13.1	0.02994979654089476	69421.17779112807	8.51497396720127	0.0	0.0	0.9509451198482024	0.47527956274516797	
16	16	0.11016910199818881	15.0	0.0348093548183286	79363.04920599822	9.84078720949424	0.0	0.0	1.1016910199818881	0.487990464181952	
17	16	0.1266780232453771	15.3	0.04025893853688008	92002.65868568912	11.377957685467765	0.0	0.0	1.2667802324537711	0.4559038622589967	
18	16	0.14505683386935486	15.2	0.04727448688113299	103860.46536088386	13.11143731022006	0.0	0.0	1.4505683386935486	0.48010825529876405	
19	16	0.16689644294728972	14.4	0.054504124644548076	123269.89839921833	15.1715139727533	0.0	0.0	1.6689644294728974	0.5169527652323158	
20	16	0.19165441184236048	16.2	0.06325563216239037	141008.34375355497	17.526867115291942	0.0	0.0	1.9165441184236047	0.4908911488475692	
21	16	0.21956046662190412	15.1	0.07376358430482512	163586.0895591703	20.259848071265427	0.0	0.0	2.195604666219041	0.5213538305640445	
22	16	0.25200116705358167	16.3	0.08539520817760327	187466.71537474217	23.390621190932052	0.0	0.0	2.5200116705358164	0.5529880300518621	
23	16	0.2896894363389385	17.1	0.10024086488727196	217765.09684556985	27.03315998146376	0.0	0.0	2.8968943633893853	0.5835699092101201	
24	16	0.33087009425158226	17.8	0.1165151335060691	253516.07394170194	31.385976655552646	0.0	0.0	3.3087009425158227	0.5668872809076114	
25	16	0.3738103179130461	16.0	0.1352073852875135	293528.80107176176	36.56985607337816	0.0	0.0	3.738103179130461	0.59361045130519	
26	16	0.41930995261280435	19.5	0.15426860525284863	333179.1424894348	42.61820380662668	0.0	0.0	4.1930995261280435	0.6130621125544329	
27	16	0.4653193589274923	18.7	0.17408991210081465	374793.081008958	49.65465857187727	0.0	0.0	4.653193589274923	0.5985634163034885	
28	16	0.5096996562715921	19.3	0.19443933196342028	408702.07393183035	57.53935511194497	0.0	0.0	5.096996562715921	0.6150328522292794	
29	16	0.5580692489606166	18.6	0.21281210286040303	453415.7610405294	66.26918277903681	0.0	0.0	5.580692489606166	0.6307362319310438	
30	16	0.6092988942101727	20.4	0.2327530858834695	487483.8753605626	75.68712970191783	0.0	0.0	6.092988942101727	0.6442993902526041	
31	16	0.6622644524174681	18.6	0.2514341742204869	528189.9018671175	86.02886525433918	0.0	0.0	6.622644524174682	0.6345219525538337	
32	16	0.7148004103352791	20.6	0.2710480121508249	568845.2332141733	97.31353809767012	0.0	0.0	7.148004103352791	0.6387420738842698	
33	16	0.7714561575976673	24.7	0.2893601648288759	610200.9279005218	109.28550712611124	0.0	0.0	7.714561575976672	0.6443218977923302	
34	16	0.8318638291381637	21.9	0.30644788573493287	663344.1782723814	122.36927409921775	0.0	0.0	8.318638291381637	0.6336991394384197	
35	16	0.8939675554913358	23.0	0.32369690673429086	701287.939831095	136.26341777567114	0.0	0.0	8.939675554913357	0.6386377426576554	
36	16	0.9564469326900508	22.6	0.342911725763406	742456.6904095482	151.0259974998568	0.0	0.0	9.564469326900507	0.6438812727100269	
37	16	1.023930830581817	24.4	0.35951047688618254	784611.327040158	166.41114455596107	0.0	0.0	10.239308305818172	0.6456804816134211	
38	16	1.0933649249685538	23.9	0.37615142532918117	821522.8906095789	181.3942353670031	2.2583279092122766	0.02260184856597885	10.933649249685537	0.6301507574939962	
39	16	1.1638201256646106	24.5	0.393042399077682	882662.2012075573	196.85155013772777	6.460785499981355	0.05839379816592395	11.638201256646106	0.6308971035134743	
40	16	1.2336069949913622	23.3	0.4081904858032471	932727.3939734513	212.6493279479635	12.303713613074482	0.10005255997204551	12.336069949913622	0.6299182729396812	
41	16	1.306472975633699	25.2	0.4224625562783106	972964.157018931	228.46988835658453	19.503005770714516	0.14233932943830377	13.06472975633699	0.6257412204485717	
42	16	1.3827334433742737	27.1	0.4343694903697003	983114.1370641099	243.61776388324915	28.02568025683437	0.1836704233505804	13.827334433742738	0.6102838228059759	
43	16	1.460184509206948	26.0	0.44779541240612575	1002374.5996258218	258.60842975114923	37.58962112001725	0.22221414649576193	14.60184509206948	0.6054049954510589	
44	16	1.5372385779439042	28.9	0.45957801431816037	1008593.6854337646	273.1889794639231	47.9864609353841	0.2572230163974294	15.372385779439043	0.5998107338654429	
45	16	1.616236888045296	29.9	0.4689857801195336	1022317.8924923812	287.40647698824193	59.155340454454844	0.28845199131212895	16.16236888045296	0.5873305979440763	
46	16	1.698257398915692	30.7	0.47877929337579817	1055317.1683248286	302.0012363965101	70.78825482142501	0.3156139297918018	16.98257398915692	0.583944359059301	
47	16	1.7815966010372868	29.9	0.4863454969421532	1097367.2306732365	317.466153401831	82.63730367376434	0.3391227130572114	17.81596601037287	0.581797442634176	
48	16	1.8650660435245237	31.0	0.4944988354603527	1114445.1837937443	333.21257674357184	94.50655418457858	0.3592051261012939	18.650660435245236	0.5794915573341125	
49	16	1.9498251169895586	31.5	0.5016009193119811	1123956.4823406977	348.9721394440233	106.28003690822365	0.37597637421428864	19.498251169895585	0.5661031039397352	
50	16	2.0350036572429744	32.7	0.5082903766718398	1141389.904017168	365.35773219566437	117.42609186538823	0.3892830048349059	20.350036572429744	0.5637007335523218	
51	16	2.122188850817775	29.6	0.5154192808791613	1171992.8086351037	382.62774056398894	128.02603305811678	0.39989820920662983	21.22188850817775	0.5636923182790037	
52	16	2.2116040612936234	34.3	0.522156490867396	1191543.384759988	400.3778861884433	138.06217527795144	0.4080346861843007	22.116040612936235	0.5636020757344518	
53	16	2.305960617986714	35.2	0.5277582850319965	1230136.724954449	419.0009546285043	147.41773940443397	0.41353099401399357	23.059606179867142	0.5525980610247314	
54	16	2.4071689730135395	35.1	0.5353204238223708	1250989.2852254952	438.17906521072774	155.7746979882674	0.4162762519769079	24.071689730135397	0.5477515856358788	
55	16	2.5135399006254207	38.1	0.542864822099281	1280488.396966368	457.9572643222309	163.82726586985137	0.41804688256291195	25.135399006254207	0.5453589838521307	
56	16	2.6210109779848887	38.8	0.5513156562496971	1296772.2725566286	477.8944590648169	172.01480841857017	0.41985298825319295	26.21010977984889	0.5413449524404997	
57	16	2.7286332973677583	38.5	0.5575802146754714	1303897.0390774787	497.7280461597902	180.44180294299107	0.42189365469315243	27.28633297367758	0.5300509660860228	
58	16	2.840095937017934	41.0	0.564342211787511	1334947.242090128	517.9357931018045	188.94980884183082	0.42349563956010794	28.400959370179343	0.5245165598199989	
59	16	2.9554245370628895	41.2	0.5718697923061354	1347075.1101604952	538.1072080387497	197.48651042270953	0.42475705251976403	29.554245370628895	0.5242595022256309	
60	16	3.073510840757144	39.9	0.5781224502865592	1376356.2307851182	558.6276839241921	206.1634482463919	0.42583377307250764	30.735108407571442	0.5196195488948336	
61	16	3.19244832204486	42.2	0.5836206820756089	1401489.5662353304	579.408412439213	215.08428128195	0.42698951608892816	31.9244832204486	0.5091036339630227	
62	16	3.3132633233051996	46.8	0.5893574162912004	1407107.0434245104	599.9288637784296	224.06176723364462	0.42784429709303684	33.132633233052	0.5058079471759016	
63	16	3.437651691126534	47.1	0.5946305685823758	1416315.746395882	620.2735822578742	233.13948481139695	0.42849143982532745	34.37651691126534	0.5031559183307952	
64	16	3.5628997001412372	48.4	0.6004784877571202	1415949.1196932166	640.4583788638042	242.1652463359971	0.4290714456014155	35.62899700141237	0.49973987369412365	
65	16	3.686492214505462	50.0	0.6049636795760482	1401664.6154227457	660.1710165190809	251.2138206315717	0.4297947529624905	36.86492214505462	0.4905316076829124	
66	16	3.810249899707558	49.1	0.6093384673647687	1419131.1286395392	680.0586672365062	260.4248717971037	0.4306201142126919	38.10249899707558	0.48820514002962306	
67	16	3.9370062498781246	50.2	0.6139870435105957	1433554.2010358712	699.90976575291	269.7351106630614	0.43125423102316657	39.370062498781245	0.4855286264529362	
68	16	4.06609884300951	52.7	0.618143036892726	1461538.1848492862	720.0798085778533	279.35189102035724	0.4320353007568671	40.6609884300951	0.4777997526187783	
69	16	4.1951844033654835	52.8	0.6228166173863882	1477785.071146109	740.413363832605	289.12171047210325	0.4329134503261432	41.95184403365484	0.47600153193455164	
70	16	4.3226754601960184	55.3	0.6270130606933966	1487561.1350366306	760.8268921118542	298.9416031433924	0.4338367705383751	43.22675460196018	0.4720448766328952	
71	16	4.448443856707842	51.8	0.6299237192361209	1496765.9802551225	781.3772059317968	308.7437546533786	0.43478835875904037	44.48443856707842	0.4703864479495462	
72	16	4.573035060328835	59.3	0.6329028139434383	1494624.3705876505	801.8146709784226	318.3339371529647	0.4355535565832568	45.73035060328835	0.468975199209005	
73	16	4.695737604322937	58.5	0.6365275659997868	1474715.673313322	821.6756924921377	327.83543987665826	0.43631904311815284	46.95737604322937	0.46097671652407723	
74	16	4.818349244404966	58.3	0.6383236195812011	1471910.9425681431	841.239432127522	337.3804866842669	0.43706964943691273	48.18349244404966	0.4595486160324209	
75	16	4.941841022931681	59.9	0.6418614452904997	1476226.9115159702	860.6007788250492	346.88675488783895	0.4375967129728725	49.418410229316805	0.4588630842043224	
76	16	5.067775612430435	66.8	0.6449655765861241	1524955.22562028	880.8735009778142	356.46024045655383	0.4379883497946463	50.67775612430435	0.4581911964924539	
77	16	5.195382859079856	60.0	0.6468810919404175	1535088.3998443512	901.0956445098898	366.14341418009604	0.43837026497271	51.95382859079856	0.45020752247407936	
78	16	5.324596486197282	65.5	0.6516982547328687	1564320.2204720064	921.7965052912048	375.96602503605226	0.43880482995960524	53.24596486197282	0.4483632171469236	
79	16	5.454021889413835	65.7	0.654437025128689	1578453.696830909	942.6835219824707	385.8559083891346	0.4393122529491385	54.54021889413835	0.44860670997131563	
80	16	5.580856418983755	68.4	0.6577364232556999	1547681.8419574716	962.7457945809847	395.69313174123664	0.4399173894351103	55.80856418983755	0.4471459256707064	
1	16	0.0	10.0	0.0	0.0	3.0	0.0	NaN	0.0	1.200000000000002	
2	16	0.0	10.0	0.0	0.0	2.9438614596153565	0.0	NaN	0.0	1.200000000000002	
3	16	0.014466759747911704	10.0	0.0	0.0	2.1582071213336165	0.0	0.0	0.14466759747911703	1.200000000000002	
4	16	0.020875409753445713	10.0	0.0028467570750228413	11923.018267662666	2.1332507597611445	0.0	0.0	0.20875409753445714	0.3572907584028837	
5	16	0.02296179386465981	10.0	0.004682578753768363	11792.180696520527	2.3244033691381647	0.0	0.0	0.2296179386465981	0.47007998710466686	
6	16	0.025413120403131824	10.0	0.005917725467340191	13958.531421173215	2.5520242129240764	0.0	0.0	0.2541312040313182	0.5707806370916044	
7	16	0.028392591856678973	10.0	0.006988789110190686	16329.291731163796	2.8194302290417252	0.0	0.0	0.2839259185667897	0.40434891148910845	
8	16	0.03224318507630875	10.0	0.009148676103718965	19664.272041737688	3.1431579713123394	0.0	0.0	0.3224318507630875	0.4763799823122044	
9	16	0.0371837659112667	11.4	0.011040779266897794	24464.517819437624	3.5483648698259103	0.0	0.0	0.37183765911266703	0.508164190228124	
10	16	0.04288038916243285	11.0	0.013207453024715984	28745.75736854039	4.025457187110868	0.0	0.0	0.4288038916243285	0.4075867681701692	
11	16	0.0497398653866587	11.6	0.015909092285111098	34013.22245758572	4.591138889789142	0.0	0.0	0.497398653866587	0.44429405193404004	
12	16	0.057988895370818735	13.4	0.018289703759092113	41092.13076612581	5.276383354089893	0.0	0.0	0.5798889537081874	0.4657968939464226	
13	16	0.06718892407960159	13.1	0.02097947261045909	47894.91380999847	6.075573383434259	0.0	0.0	0.6718892407960159	0.38671425558611267	
14	16	0.07767543553653311	13.4	0.023845428958370808	55408.22394008697	7.000324933915863	0.0	0.0	0.7767543553653311	0.4167432485102463	
15	16	0.08997288646942948	12.8	0.02753943523481732	64264.96141387381	8.073205923383274	0.0	0.0	0.8997288646942948	0.4364370302358877	
16	16	0.10411117823772797	14.9	0.03213926469297242	74467.37566750825	9.316671545545361	0.0	0.0	1.0411117823772797	0.473852032104335	
17	16	0.1194978910048718	14.9	0.037069874660908365	85804.63750041487	10.74935150287248	0.0	0.0	1.194978910048718	0.4345963454514854	
18	16	0.13675708026505276	14.4	0.04330077847109278	97558.30106540461	12.377229037190977	0.0	0.0	1.3675708026505276	0.45858020885106127	
19	16	0.1570920019019899	17.1	0.05044101520316589	114842.28212872287	14.295372230560702	0.0	0.0	1.570920019019899	0.48939789135051365	
20	16	0.18024355658544522	16.3	0.05889181810781934	131900.8723709824	16.497898912351157	0.0	0.0	1.8024355658544522	0.47207990746253786	
21	16	0.20638383620015527	15.8	0.06927622658128242	153265.98907521978	19.05794858383657	0.0	0.0	2.063838362001553	0.5052853522976342	
22	16	0.23721837454082634	15.4	0.08029061791233268	178108.3059339675	22.03371490545515	0.0	0.0	2.3721837454082633	0.5359716325630088	
23	16	0.2728623045707589	19.3	0.09460080701273091	205956.60591424265	25.479669886294005	0.0	0.0	2.728623045707589	0.572366823936742	
24	16	0.3118682043861492	18.8	0.11052949244922756	240289.00108975748	29.608152851063892	0.0	0.0	3.118682043861492	0.5552859041804961	
25	16	0.35218136757305496	17.7	0.1278243899686946	276939.05802857893	34.49574288189192	0.0	0.0	3.5218136757305496	0.5735938596398635	
26	16	0.39499933234320084	18.4	0.14602420836967003	312791.3148379435	40.146743581683765	0.0	0.0	3.9499933234320084	0.6015593151653373	
27	16	0.43840167395000706	19.9	0.1646879796246698	351806.6455175318	46.71743022495138	0.0	0.0	4.384016739500071	0.5816207745502955	
28	16	0.48052555339847725	17.9	0.18400326967385988	385717.96588250203	54.12382844738384	0.0	0.0	4.805255533984773	0.604817844504249	
29	16	0.5266406633956593	18.2	0.2020551160416844	428122.0628781497	62.317889156970736	0.0	0.0	5.266406633956593	0.6202073205496873	
30	16	0.5758132641733456	20.7	0.22051698465064393	464025.2290539704	71.2486651238065	0.0	0.0	5.7581326417334555	0.6328755537590789	
31	16	0.6269543142822092	21.1	0.23914321012059217	499677.5373364055	80.95866587942713	0.0	0.0	6.269543142822092	0.6204614926149309	
32	16	0.6783429740825084	18.6	0.25730654070334397	539250.7714374412	91.54648508960852	0.0	0.0	6.783429740825085	0.630164980722079	
33	16	0.7343525499691375	22.3	0.2761339310498621	581830.7100737037	102.83528249897863	0.0	0.0	7.343525499691374	0.6363677161938048	
34	16	0.794741803162631	22.8	0.29311870358211706	623852.0917849431	114.92928811512039	0.0	0.0	7.947418031626309	0.6199114016707942	
35	16	0.858083392121833	23.6	0.3114920342000807	673279.1779388369	128.10988418694956	0.0	0.0	8.58083392121833	0.6315353298825166	
36	16	0.9218021512406386	21.7	0.3315921694795822	711501.8251123375	142.1225329063506	0.0	0.0	9.218021512406386	0.6340645489964319	
37	16	0.9904586064339398	24.5	0.3500749239755085	764731.3355611877	157.08788840169603	0.0	0.0	9.904586064339398	0.6374183660224934	
38	16	1.060428067849633	25.4	0.3681804464448555	803566.6634298381	171.7834158974003	2.2141451226037945	0.02274922683148533	10.604280678496329	0.624703784915877	
39	16	1.130329425074192	25.3	0.38635515312557	856957.3067916821	186.83937843476554	6.311282300803898	0.05857676790825133	11.30329425074192	0.6211610026130195	
40	16	1.1989118726641674	23.4	0.40219675925304904	908483.9562451753	202.28828528393763	12.046210233732038	0.10059530855227343	11.989118726641674	0.6180836192544802	
41	16	1.2700819426118162	27.1	0.4162411583348939	956329.4874943588	217.97020530700541	19.087384641710436	0.14301379234737557	12.700819426118162	0.6163821135766976	
42	16	1.3439301773216648	25.9	0.4296737704562703	969235.1825544145	233.10767665057784	27.342341200091738	0.18398772940294664	13.439301773216647	0.5967722383933548	
43	16	1.4195726878502408	26.1	0.4425887992786686	994852.0545512984	248.19728266094495	36.66344413371944	0.2223812700887087	14.195726878502409	0.5973505142110125	
44	16	1.4949990014617573	28.5	0.45436067332763647	1010427.3728395395	263.1500937516991	46.76185677641302	0.2570745345382636	14.949990014617574	0.5931346193001922	
45	16	1.5723771164901508	29.0	0.46496291184755256	1022786.7198815346	277.7632391364708	57.568426158683906	0.2879269826299045	15.723771164901507	0.5748460152385843	
46	16	1.6541136747154657	27.4	0.4734889617606543	1050280.866447873	292.52668248423726	68.90853517186287	0.3149178836117674	16.541136747154656	0.5739854201737234	
47	16	1.7383302476427798	30.7	0.4804986486115908	1084276.2962179403	307.8935617795996	80.48608798329045	0.3382189896485805	17.383302476427797	0.5713587540595306	
48	16	1.8219942477931024	30.7	0.48816009265461796	1103606.5409539272	323.7255615408113	91.92869754529319	0.3578068492953085	18.219942477931024	0.5693034183920448	
49	16	1.9072477598647453	34.4	0.495222373921036	1113912.1187304442	339.59659120288813	103.24507155186659	0.374044313562127	19.072477598647453	0.5556908164866939	
50	16	1.9934418205912618	32.5	0.5025320151085896	1136602.047325375	356.18998187574374	113.96535369498193	0.3868592587662379	19.934418205912618	0.557423502332954	
51	16	2.082766125313012	31.0	0.5101494446354923	1162110.4487931782	373.41588397038987	124.30488569705058	0.3972661711190689	20.827661253130117	0.5546521202068889	
52	16	2.1742510622054603	32.8	0.5166468474153717	1182550.3778340784	391.1985308141499	134.0463282688481	0.40519263026934593	21.742510622054603	0.5539481796898511	
53	16	2.270080553789853	31.8	0.5231205913013022	1208454.691694324	409.5734891679897	143.07773366581722	0.41049514103679025	22.700805537898532	0.5400647469410181	
54	16	2.3713465578502837	35.5	0.530785460064015	1232552.4610981524	428.6820476164523	151.06114558754155	0.41307473428039865	23.713465578502838	0.5379823808288127	
55	16	2.4778196493140094	35.1	0.5381359974824934	1276251.2815240182	448.7500285991429	158.7396110796979	0.41465489415148304	24.778196493140094	0.536328758614549	
56	16	2.5849373903435544	35.9	0.5467875240171655	1300730.9640167647	469.1799642847336	166.55951835564508	0.4162993430635954	25.849373903435545	0.5331173571600367	
57	16	2.6900383206407015	39.0	0.5537739612763398	1301146.5068463304	489.42542243571233	174.58888511448953	0.41833464551321115	26.900383206407014	0.5199403060004011	
58	16	2.797539566313684	39.5	0.5611318997948288	1327022.9399718216	509.94830845801937	182.72763354511295	0.4200862211536478	27.97539566313684	0.5166018373583644	
59	16	2.9077807309959116	41.4	0.5689510204768601	1340069.8506095936	530.4920658352228	190.87816166545048	0.42151479697249855	29.077807309959116	0.5149079078570411	
60	16	3.0199512725488673	41.6	0.574858019577058	1370045.7849707385	551.3993363493894	199.15857940788777	0.42272929157860195	30.199512725488674	0.5129029878327712	
61	16	3.1316297502703234	44.0	0.5799406688454679	1385669.0736662617	572.3769637497154	207.63156800071675	0.42402501393293046	31.316297502703232	0.5009923858546478	
62	16	3.244240566086764	42.8	0.5865346569399754	1385747.4013785324	592.9929049039445	216.1192304317131	0.42499835215581927	32.44240566086764	0.4992665323967069	
63	16	3.3599410268498495	42.0	0.5913870493897586	1401953.431830813	613.6036617378176	224.77611079034236	0.4258649226064299	33.599410268498495	0.49621383992685986	
64	16	3.4775636412909563	43.5	0.5970338428242762	1400459.3053405783	633.9132677127574	233.52063814329182	0.42674480728478953	34.77563641290956	0.49379218322062585	
65	16	3.59546036590451	49.7	0.6017883724193502	1386622.3216810906	653.6024334724723	242.4190698945486	0.42775518072648455	35.9546036590451	0.4846968532793528	
66	16	3.714539094373046	48.0	0.6056905834934571	1404186.3881835144	673.3864303555404	251.52621545675908	0.42881317366435623	37.14539094373046	0.482387051911322	
67	16	3.837453305716432	49.9	0.6101011407919711	1419027.3638745626	693.080777019472	260.7631012701214	0.42961841536617124	38.37453305716432	0.4806896062209297	
68	16	3.9628325615054356	55.5	0.6150296435636289	1439216.5916222855	712.9117647975702	270.2482930094939	0.4304977975804835	39.62832561505436	0.4729942184758714	
69	16	4.0884210876819385	50.3	0.6186725055596295	1463445.379565349	733.1232621233283	279.8750856229023	0.4314554309275923	40.88421087681938	0.47090159113900454	
70	16	4.212950191312178	53.1	0.6228354423322576	1471853.7639486948	753.3798011218062	289.5692025049504	0.43248090765720015	42.12950191312178	0.4699273194980097	
71	16	4.336808127541307	57.0	0.6265217559737846	1467529.6017883373	773.3933666523437	299.2726713139342	0.4335404156701534	43.36808127541307	0.4675931238997687	
72	16	4.462061906285144	61.3	0.6292614792475556	1467580.4507924493	793.1901910809595	308.8613833416397	0.43434568114842803	44.62061906285144	0.46397809474072416	
73	16	4.586893329947249	58.5	0.6320558036175576	1456757.3282744486	812.5749990710206	318.3838028901416	0.4350866835510291	45.86893329947249	0.45823544837627717	
74	16	4.711294313207214	58.7	0.6356607826636773	1448600.4323445638	831.5741680533276	327.8927528370546	0.43578897679027784	47.11294313207214	0.4553806649860687	
75	16	4.835788246431891	54.8	0.6382343755129576	1455825.7638316867	850.5180542796194	337.3278202380762	0.43628861267063557	48.35788246431891	0.454151875078762	
76	16	4.961820778710643	61.3	0.6409134367789338	1493610.9410288334	870.1311071743634	346.8277928097301	0.43669293418242894	49.61820778710643	0.4517392425695704	
77	16	5.087941445514134	65.8	0.6443348441919998	1492796.0905954093	889.5528313150896	356.30372811881745	0.43706734879670817	50.87941445514134	0.44609011002830323	
78	16	5.218168165956791	66.1	0.6476390009463451	1544290.3851314182	909.8661165237688	366.04916818445224	0.4374715488237802	52.18168165956791	0.4452268199904244	
79	16	5.348822224124044	70.7	0.6507437351507857	1557834.9407815863	930.3412786480955	375.8830186993584	0.43796541567893116	53.48822224124044	0.44312990769128097	
80	16	5.476072599337933	71.1	0.6542585802441212	1528510.9523104655	950.1018881745097	385.5716038313289	0.4385190287293682	54.76072599337933	0.44055973888237626	
1	16	0.0	10.0	0.0	0.0	3.0	0.0	NaN	0.0	1.200000000000002	
2	16	0.0	10.0	0.0	0.0	2.9438614596153565	0.0	NaN	0.0	1.200000000000002	
3	16	0.014466759747911704	10.0	0.0	0.0	2.1582071213336165	0.0	0.0	0.14466759747911703	1.200000000000002	
4	16	0.021134056674887564	10.0	0.003245713176222239	13351.544891252557	2.1581470646160037	0.0	0.0	0.21134056674887564	0.3744486755604505	
5	16	0.023545851172912108	10.0	0.005452070721702239	13512.485584322116	2.379113476841152	0.0	0.0	0.23545851172912108	0.5018440199127531	
6	16	0.026360292230013665	10.0	0.006951302157267677	15914.339176267784	2.6404517515054864	0.0	0.0	0.26360292230013666	0.5779199622782252	
7	16	0.029865885522742767	10.0	0.008450959221548373	19072.84038012228	2.9550769295455073	0.0	0.0	0.2986588552274277	0.45036586100145287	
8	16	0.034402504970390865	10.0	0.010989802753961593	23026.04759315957	3.336480388067488	0.0	0.0	0.3440250497039086	0.5142180927820568	
9	16	0.040177411299065505	12.2	0.013459934514414207	28465.532481013757	3.810115363552824	0.0	0.0	0.401774112990655	0.5711860339359481	
10	16	0.04695117845450896	11.6	0.016381898002512326	34023.07777764803	4.377418505511125	0.0	0.0	0.4695117845450896	0.4719546601176704	
11	16	0.05528157346606651	11.1	0.019662296078223025	41109.40221945384	5.064402741636578	0.0	0.0	0.5528157346606651	0.5056812588440485	
12	16	0.0653581485347697	13.3	0.022905009252038852	49985.86463962141	5.901460831884618	0.0	0.0	0.653581485347697	0.5298417313407744	
13	16	0.07658783743200466	13.5	0.026522653538994596	58253.037757022306	6.876963809472242	0.0	0.0	0.7658783743200466	0.46080203801289615	
14	16	0.08955557482063747	13.1	0.030480184263099036	68272.69706989054	8.020521922733046	0.0	0.0	0.8955557482063747	0.48190179502351554	
15	16	0.10488899124547535	13.2	0.03482046775828911	79857.04894273393	9.358273223841213	0.0	0.0	1.0488899124547535	0.5075043976642797	
16	16	0.12225597703263924	14.1	0.0398998106068312	91257.37090566514	10.885703138347418	0.0	0.0	1.2225597703263924	0.5293354007766511	
17	16	0.14110050113544043	14.1	0.04628047187646619	104884.5947896395	12.640345107430099	0.0	0.0	1.4110050113544041	0.49805761977634944	
18	16	0.16230317476208933	14.3	0.053455814264488664	119630.73599599217	14.640169985875596	0.0	0.0	1.6230317476208933	0.5171965508624113	
19	16	0.18694151082269275	16.6	0.06241643292993285	139008.31344813638	16.96424368797227	0.0	0.0	1.8694151082269275	0.5470625254272028	
20	16	0.21511733470622568	15.7	0.07258881869355142	160358.10192702315	19.644754985524916	0.0	0.0	2.1511733470622567	0.5264393160441483	
21	16	0.2467057707412907	15.8	0.08453911166652742	185097.0308768917	22.738370145203582	0.0	0.0	2.467057707412907	0.5552122340419603	
22	16	0.2835562725322375	16.7	0.09823574152382837	212843.44434532113	26.294722471698577	0.0	0.0	2.835562725322375	0.5888568914275722	
23	16	0.32629066408694535	17.3	0.11404129272138228	247974.00232843324	30.455069027991918	0.0	0.0	3.2629066408694536	0.6116262379977204	
24	16	0.372388270196039	19.4	0.1323238519749677	287094.22478814994	35.4129926118555	0.0	0.0	3.72388270196039	0.5928749528490986	
25	16	0.41992698270945394	16.8	0.15304914046097717	329396.4948359453	41.265407031835146	0.0	0.0	4.19926982709454	0.6176589857381929	
26	16	0.4699594811410431	19.8	0.17460219291958098	373582.21273525164	48.09970076712329	0.0	0.0	4.699594811410431	0.6320589898967015	
27	16	0.5199812529453064	18.7	0.1964467301221314	416036.0119931211	55.96347547923292	0.0	0.0	5.199812529453064	0.6196942574016426	
28	16	0.5676602190097021	20.1	0.21743707112007418	456810.3452077261	64.86420804253663	0.0	0.0	5.676602190097021	0.6355649257316685	
29	16	0.6196636692153578	20.4	0.2365198723022928	502874.3273291822	74.59349152544675	0.0	0.0	6.196636692153578	0.6421455766433547	
30	16	0.6745370284801557	20.0	0.25610157683715445	541333.7242035128	85.11257996906771	0.0	0.0	6.745370284801558	0.6574309226069555	
31	16	0.7308550145099846	19.3	0.2758742655014281	578561.3341494588	96.45815465777007	0.0	0.0	7.308550145099846	0.6382293311654158	
32	16	0.7869567390207434	20.9	0.2956059289463199	621190.9711697082	108.77594494500867	0.0	0.0	7.8695673902074335	0.6415635327853678	
33	16	0.8478635516161169	20.2	0.3130619678782903	660677.6655150912	121.69843565514286	0.0	0.0	8.47863551616117	0.6466018685208174	
34	16	0.9130486875524653	22.4	0.32974469851678084	709691.2800170535	135.60895963815173	0.0	0.0	9.130486875524653	0.633183034628614	
35	16	0.9805719503073534	21.3	0.34796481463787443	744397.4694565475	150.2291134915983	0.0	0.0	9.805719503073535	0.6378486601401882	
36	16	1.0486782865153201	21.8	0.36676682195345195	786483.6057946647	165.75484451357696	0.0	0.0	10.486782865153202	0.6374158907286708	
37	16	1.1224799306207633	24.3	0.38347653765069034	837804.9149455657	182.13200740567333	0.0	0.0	11.224799306207634	0.6419670533444086	
38	16	1.198920968938463	24.1	0.40010382709926146	880763.8629231466	198.1896057703571	2.357931117315384	0.021507770588100453	11.98920968938463	0.6256547494092402	
39	16	1.2765323378643738	23.4	0.4164351508484598	939540.7322600726	214.60955455407992	6.749821880580245	0.05576648553641144	12.765323378643737	0.624063494327836	
40	16	1.3528421095254344	25.5	0.43206510590244185	996929.1465662163	231.55186330131542	12.863959923719055	0.09596175876730802	13.528421095254345	0.621102933815107	
41	16	1.431247264295706	25.8	0.4456440511503205	1019462.7527936694	248.04589065556348	20.3717230949538	0.1369291452198038	14.31247264295706	0.6147379914660035	
42	16	1.5130019097459748	26.2	0.4573486051976436	1038921.3956949316	264.03126924112803	29.28546221616085	0.17730552183055023	15.130019097459748	0.5982184957189136	
43	16	1.596166900697413	26.9	0.469818832631009	1056469.180304215	279.69411092785737	39.38553709697164	0.2154827906838635	15.96166900697413	0.594169892170554	
44	16	1.6788242014785086	28.9	0.4796723045367026	1075868.9174068011	295.208941864455	50.425151561923784	0.25042076201952385	16.788242014785087	0.5921085453060454	
45	16	1.763158990244125	27.9	0.4897178280544617	1080541.5772578274	310.0794327463388	62.296710991934596	0.28171132256108744	17.63158990244125	0.5752143420998039	
46	16	1.849568420598613	29.6	0.49808810097315187	1112010.5768321569	325.345668312369	74.57770673207422	0.30884167652098204	18.49568420598613	0.5707016504927208	
47	16	1.9377151323329769	31.2	0.5041805432146017	1150386.2678466574	341.3266448430895	87.15569043781392	0.3325375415369438	19.37715132332977	0.5705585176560355	
48	16	2.025558666363216	32.3	0.5121212908655955	1165257.872827927	357.58063829689115	99.72932313729014	0.35285796554604554	20.255586663632158	0.5687466993794797	
49	16	2.115363611439604	31.3	0.5170898716303481	1177324.5686851626	373.8297461994039	112.27814631731778	0.3699615644799973	21.15363611439604	0.5570666636339233	
50	16	2.209583726872107	32.9	0.5233035357095537	1196208.6424814458	390.33088198098034	124.57759755072352	0.3839095935702257	22.095837268721066	0.5577200639375018	
51	16	2.3053026874697813	33.0	0.5312148831745185	1215419.0725277509	407.5284563461354	136.202908609497	0.394992217060729	23.053026874697814	0.5562843265403666	
52	16	2.4008589781789595	34.3	0.5369122026486743	1227408.423328064	425.333908491806	146.90121126286306	0.4032936691588731	24.008589781789595	0.555796632907999	
53	16	2.501620069753501	33.0	0.5430296645033416	1263989.3386425017	443.96511475521373	156.87146775849635	0.4089593514122276	25.016200697535012	0.5445437871776442	
54	16	2.6088279001862373	36.4	0.548758930380894	1285230.3100970741	463.24481684901536	165.74599564284395	0.41193432338514285	26.088279001862375	0.542814330346482	
55	16	2.7214213747486387	35.1	0.555667900700667	1310588.0106246935	483.0554809424126	174.27055746758717	0.4139373876082343	27.214213747486387	0.539459866969794	
56	16	2.8354100118642664	40.5	0.5627546558830493	1332207.2564440104	503.1554047791863	182.94023336899792	0.4159557113153192	28.354100118642666	0.535709765945564	
57	16	2.948621769362607	38.6	0.5693340845991394	1338839.733645314	523.197869471049	191.81232787032164	0.41819790086017455	29.48621769362607	0.5255135259132999	
58	16	3.06475194682521	39.3	0.5745068400400185	1367618.9986652818	543.5956318691269	200.76860582316357	0.42009263508395694	30.6475194682521	0.5200562386616767	
59	16	3.1832479548781367	42.2	0.5822536458546658	1383577.785050302	564.1279864298588	209.73617017208477	0.42172387271580736	31.832479548781368	0.5188938082036669	
60	16	3.304035088650749	44.9	0.5880641255308215	1406494.8077332429	584.806390185199	218.84832034923602	0.4231099072539346	33.04035088650749	0.5166154477882722	
61	16	3.4257570358551073	45.1	0.5923681743884793	1427268.1616917902	605.5778795459826	228.21121381703983	0.42447931538666167	34.25757035855107	0.5071951710694508	
62	16	3.5491398957601232	43.1	0.59793933184983	1432445.8740802403	626.0771408270059	237.59534178583377	0.4254803804134456	35.491398957601234	0.5039673923011642	
63	16	3.6750875901589795	43.7	0.6028260628513935	1438951.4909232354	646.4255675927998	246.9884283603738	0.42624672100989897	36.750875901589794	0.5018390975294715	
64	16	3.803248349190261	48.3	0.6082615675337602	1436583.9554066078	666.4847635847827	256.3995433702843	0.4269540297175879	38.03248349190261	0.4990493790062477	
65	16	3.9302786713116924	48.7	0.6128758904289451	1420251.3695433806	686.037159748247	265.8057927730141	0.42776268865104305	39.30278671311692	0.49077969241931535	
66	16	4.057751874747481	49.1	0.6178567486107437	1437326.708248171	705.7938915808044	275.36278487402353	0.42868997191229474	40.57751874747481	0.48651393950058763	
67	16	4.188152692591727	50.9	0.6209297296564791	1457325.7627311333	725.7008005120039	285.00378292549965	0.4294526605575074	41.881526925917264	0.48681692763742906	
68	16	4.321543151606125	54.3	0.6245056309906375	1481319.4413444588	745.8106868844809	294.92884109745427	0.43029978919452244	43.21543151606125	0.47845640462737693	
69	16	4.456610785399652	53.0	0.629447156198654	1498666.7369770275	766.0218767966638	305.01007416605876	0.4311301354835412	44.56610785399653	0.475869513867258	
70	16	4.587543511094014	58.0	0.6335024563894912	1501678.0857940663	786.4257309413879	314.82648825321434	0.4318965941494719	45.875435110940145	0.47408090308834583	
71	16	4.7177703456166835	57.2	0.6356694177375062	1516258.4153774255	807.0974513148228	324.59278373362446	0.4326447762538885	47.17770345616683	0.473148556131842	
72	16	4.8463000674911765	56.5	0.6383957046794149	1500260.8672634375	827.3995232966961	333.98788249182746	0.43313840059465464	48.46300067491176	0.47197257315508373	
73	16	4.971897295574898	58.4	0.641158692994868	1484931.1790777682	847.3971636426386	343.13825049474445	0.433607217048379	49.71897295574898	0.46307321186845973	
74	16	5.096766513857899	61.2	0.6441618307251812	1484407.6773044006	867.2556561050562	352.23654542714144	0.43406426804365617	50.96766513857899	0.4626812344169305	
75	16	5.220829920778557	61.0	0.646238313453327	1481319.6048698178	886.8636168561746	361.19782899897456	0.434358698037042	52.208299207785565	0.46273856956259285	
76	16	5.349212876032146	63.6	0.6489371028759752	1534542.5415616534	907.3068984123863	370.42621515735766	0.4345900357552699	53.49212876032146	0.4602856410608404	
77	16	5.476505297387905	65.6	0.6517193234400889	1540044.7688320945	927.7511379492611	379.6555689630529	0.4348643874760397	54.76505297387905	0.4546251301703527	
78	16	5.605833891436644	69.0	0.6543126042193765	1575860.0801375376	948.7486936907775	389.1287201433726	0.4352244163270869	56.058338914366445	0.4539324383639628	
79	16	5.734873695591721	67.7	0.6576130071078069	1588237.111204284	969.8465538784412	398.73876817787175	0.4357020263087814	57.34873695591721	0.45170505024812796	
80	16	5.858379258436667	71.0	0.6601620034202593	1555857.7786568848	990.2446798555372	408.1452522323892	0.43626188155195345	58.58379258436667	0.45215142857702817	
