time(d)	species	LAI	nrShoots	fAbs	assCO2(umol/m2)	biomAbove(gr/m2)	yield(gr/m2)	harvestIndex	leafArea	fieldRFR	
1	9	NaN	NaN	0.0	NaN	NaN	NaN	NaN	0.0	NaN	
1	16	0.0	10.0	0.0	0.0	3.0	0.0	NaN	0.0	1.200000000000002	
2	9	NaN	NaN	0.0	NaN	NaN	NaN	NaN	0.0	NaN	
2	16	0.0	10.0	0.0	0.0	2.9438614596153565	0.0	NaN	0.0	1.200000000000002	
3	9	NaN	NaN	0.0	NaN	NaN	NaN	NaN	0.0	NaN	
3	16	0.013604567795433722	10.0	0.0	0.0	1.9399859246538689	0.0	0.0	0.13604567795433722	1.200000000000002	
4	9	NaN	NaN	0.0	NaN	NaN	NaN	NaN	0.0	NaN	
4	16	0.015219497141777293	10.0	0.0032295255549165463	12451.204427908338	2.1444474315402986	0.0	0.0	0.15219497141777294	0.3899669887840397	
5	9	NaN	NaN	0.0	NaN	NaN	NaN	NaN	0.0	NaN	
5	16	0.016626592616953047	10.0	0.004064908044487171	9951.7185325556	2.30384204575277	0.0	0.0	0.16626592616953048	0.4587780215474727	
6	9	NaN	NaN	0.0	NaN	NaN	NaN	NaN	0.0	NaN	
6	16	0.018189702310005895	10.0	0.004920905683690098	11294.166085453502	2.4851668558714035	0.0	0.0	0.18189702310005895	0.509368033575942	
7	9	NaN	NaN	0.0	NaN	NaN	NaN	NaN	0.0	NaN	
7	16	0.020170093088648637	10.0	0.0056881822514147865	12985.949246221193	2.69475531662285	0.0	0.0	0.20170093088648636	0.3492406069322122	
8	9	NaN	NaN	0.0	NaN	NaN	NaN	NaN	0.0	NaN	
8	16	0.022983897253332237	10.0	0.007050482141731288	15235.87616157553	2.9421444641402386	0.0	0.0	0.22983897253332236	0.4108270904222664	
9	9	NaN	NaN	0.0	NaN	NaN	NaN	NaN	0.0	NaN	
9	16	0.02673388753878021	10.9	0.008774554936181542	18513.124822012465	3.244983946480685	0.0	0.0	0.2673388753878021	0.4844511110122323	
10	9	NaN	NaN	0.0	NaN	NaN	NaN	NaN	0.0	NaN	
10	16	0.031072292537450436	11.5	0.01031274290259169	22316.25693835797	3.6120655478244017	0.0	0.0	0.31072292537450436	0.36974287210649165	
11	9	NaN	NaN	0.0	NaN	NaN	NaN	NaN	0.0	NaN	
11	16	0.035711076552020674	10.9	0.012185610229005913	25821.421489945813	4.002177862707363	0.0	0.0	0.35711076552020676	0.404204855183125	
12	9	NaN	NaN	0.0	NaN	NaN	NaN	NaN	0.0	NaN	
12	16	0.04182102982696605	12.0	0.014319156102229688	31200.69215487835	4.500687286654174	0.0	0.0	0.41821029826966044	0.4295112171200288	
13	9	NaN	NaN	0.0	NaN	NaN	NaN	NaN	0.0	NaN	
13	16	0.048346463972038914	11.9	0.016671755280720554	36615.90394931779	5.0949121383289215	0.0	0.0	0.48346463972038917	0.35680530314828074	
14	9	NaN	NaN	0.0	NaN	NaN	NaN	NaN	0.0	NaN	
14	16	0.05557356147193574	12.8	0.019065633880009692	42661.93916962136	5.776063432263513	0.0	0.0	0.5557356147193574	0.3864599086499002	
15	9	NaN	NaN	0.0	NaN	NaN	NaN	NaN	0.0	NaN	
15	16	0.06494458031815911	12.8	0.0217109438450693	49516.93018356572	6.587274928834748	0.0	0.0	0.6494458031815912	0.4021119817097299	
16	9	NaN	NaN	0.0	NaN	NaN	NaN	NaN	0.0	NaN	
16	16	0.07638007861253077	13.4	0.025374649027557834	57405.53408673672	7.543480677299579	0.0	0.0	0.7638007861253077	0.434323473084795	
17	9	NaN	NaN	0.0	NaN	NaN	NaN	NaN	0.0	NaN	
17	16	0.08802339208160567	13.0	0.02925190728917709	67487.6206191785	8.653598987091723	0.0	0.0	0.8802339208160568	0.39299146104859795	
18	9	NaN	NaN	0.0	NaN	NaN	NaN	NaN	0.0	NaN	
18	16	0.1014478099990147	13.1	0.033772728175653674	76059.83498935864	9.915381895047085	0.0	0.0	1.014478099990147	0.4245621969557958	
19	9	NaN	NaN	0.0	NaN	NaN	NaN	NaN	0.0	NaN	
19	16	0.11733284444147214	13.9	0.03910224617187909	89374.45914898693	11.395475203833339	0.0	0.0	1.1733284444147214	0.4537439467318368	
20	9	NaN	NaN	0.0	NaN	NaN	NaN	NaN	0.0	NaN	
20	16	0.13570481170214296	13.7	0.04501908756525947	102470.34231081294	13.10279677149791	0.0	0.0	1.3570481170214297	0.4207198088730168	
21	9	NaN	NaN	0.0	NaN	NaN	NaN	NaN	0.0	NaN	
21	16	0.15534956579109122	13.7	0.05245064706363581	119103.40088197107	15.085273854682029	0.0	0.0	1.553495657910912	0.45485928383341145	
22	9	NaN	NaN	0.0	NaN	NaN	NaN	NaN	0.0	NaN	
22	16	0.17888844820369873	14.1	0.060507549204121484	136826.50791947468	17.358964649493398	0.0	0.0	1.7888844820369874	0.48653766159220063	
23	9	NaN	NaN	0.0	NaN	NaN	NaN	NaN	0.0	NaN	
23	16	0.20698544813048286	14.9	0.07059751897780435	158763.0369188855	20.00910966058727	0.0	0.0	2.0698544813048287	0.5115500496564617	
24	9	NaN	NaN	0.0	NaN	NaN	NaN	NaN	0.0	NaN	
24	16	0.2394336049820552	14.4	0.08159254107446402	184955.71911819096	23.09789891312862	0.0	0.0	2.394336049820552	0.4986617722591092	
25	9	NaN	NaN	0.0	NaN	NaN	NaN	NaN	0.0	NaN	
25	16	0.27279166728295257	13.7	0.09595868374316326	214391.76587338737	26.666395562457136	0.0	0.0	2.727916672829526	0.5264070657867151	
26	9	NaN	NaN	0.0	NaN	NaN	NaN	NaN	0.0	NaN	
26	16	0.311549882136777	17.6	0.10969396750214178	242791.04250188544	30.717047531467195	0.0	0.0	3.11549882136777	0.5513588379473228	
27	9	NaN	NaN	0.0	NaN	NaN	NaN	NaN	0.0	NaN	
27	16	0.3565999106259957	15.4	0.12611920893091375	278322.0005901499	35.36457134841278	0.0	0.0	3.5659991062599574	0.5405804116538933	
28	9	NaN	NaN	0.0	NaN	NaN	NaN	NaN	0.0	NaN	
28	16	0.4047794931850267	16.1	0.1455125481689877	316476.35846759065	40.69001115552503	0.0	0.0	4.047794931850267	0.5658879615028417	
29	9	NaN	NaN	0.0	NaN	NaN	NaN	NaN	0.0	NaN	
29	16	0.45663432808646165	15.2	0.16661769525141773	362256.68550800683	46.79452117523821	0.0	0.0	4.566343280864617	0.5791080482809269	
30	9	NaN	NaN	0.0	NaN	NaN	NaN	NaN	0.0	NaN	
30	16	0.5133927345656965	18.0	0.18888874344546408	404157.8113869374	53.70449552196542	0.0	0.0	5.133927345656964	0.5962494023171897	
31	9	NaN	NaN	0.0	NaN	NaN	NaN	NaN	0.0	NaN	
31	16	0.5742980373058266	16.4	0.21198721762468353	453983.3207253322	61.75660578255416	0.0	0.0	5.742980373058266	0.5832062447055167	
32	9	NaN	NaN	0.0	NaN	NaN	NaN	NaN	0.0	NaN	
32	16	0.6335719885336376	17.0	0.23546897959444177	504778.0856330119	70.94593390903928	0.0	0.0	6.335719885336376	0.5884472423103652	
33	9	NaN	NaN	0.0	NaN	NaN	NaN	NaN	0.0	NaN	
33	16	0.6965201255334883	17.4	0.2575892369766536	552477.7307033254	80.87586224432177	0.0	0.0	6.9652012553348825	0.599643928379351	
34	9	NaN	NaN	0.0	NaN	NaN	NaN	NaN	0.0	NaN	
34	16	0.7628972246153858	18.4	0.27800260119891823	598214.0700352531	91.81536871324116	0.0	0.0	7.628972246153858	0.58068937735703	
35	9	NaN	NaN	0.0	NaN	NaN	NaN	NaN	0.0	NaN	
35	16	0.8312376569717441	17.8	0.2982600889325809	651704.839661586	104.12665398700548	0.0	0.0	8.312376569717442	0.5905866794327703	
36	9	NaN	NaN	0.0	NaN	NaN	NaN	NaN	0.0	NaN	
36	16	0.897028476723498	16.6	0.31832350748938537	698504.0059683064	117.46409246377073	0.0	0.0	8.970284767234979	0.5895379307974101	
37	9	NaN	NaN	0.0	NaN	NaN	NaN	NaN	0.0	NaN	
37	16	0.9663150459104362	19.2	0.33822179363695953	737876.2365375562	131.1825294810606	0.0	0.0	9.663150459104362	0.5965640193260399	
38	9	NaN	NaN	0.0	NaN	NaN	NaN	NaN	0.0	NaN	
38	16	1.0375287790499945	18.8	0.3567564098774223	788573.3086848398	144.90468129979593	2.3601998581476566	0.0223099466815928	10.375287790499945	0.5789707551285913	
39	9	NaN	NaN	0.0	NaN	NaN	NaN	NaN	0.0	NaN	
39	16	1.1068599786807143	18.1	0.37516838736001573	843551.1694413014	158.94320761911987	6.776436657805061	0.057655059518165214	11.068599786807143	0.5801215998896397	
40	9	NaN	NaN	0.0	NaN	NaN	NaN	NaN	0.0	NaN	
40	16	1.1743385771083212	18.9	0.3919449604170556	896246.2684556169	173.4314942365691	12.895180813580097	0.09847961865417808	11.743385771083211	0.5795717110425829	
41	9	NaN	NaN	0.0	NaN	NaN	NaN	NaN	0.0	NaN	
41	16	1.2416499155544751	21.2	0.406632421892595	939666.7527733234	187.99511994357823	20.2672859730321	0.1387284340965351	12.416499155544752	0.5742938593643101	
42	9	NaN	NaN	0.0	NaN	NaN	NaN	NaN	0.0	NaN	
42	16	1.308938493603099	19.2	0.41785930222018625	964598.0937434125	202.4697184411192	28.789135789768164	0.17747136179641484	13.08938493603099	0.5620354545346821	
43	9	NaN	NaN	0.0	NaN	NaN	NaN	NaN	0.0	NaN	
43	16	1.3746235189289635	20.6	0.42935987995005664	976161.4257963139	217.04905731593257	38.11277419033791	0.21358332613896966	13.746235189289635	0.560599939357101	
44	9	NaN	NaN	0.0	NaN	NaN	NaN	NaN	0.0	NaN	
44	16	1.4343131837806609	22.2	0.4400320691216756	993173.1023521781	231.51368663947878	48.01887031836418	0.2463681503118526	14.343131837806608	0.5584623199233791	
45	9	NaN	NaN	0.0	NaN	NaN	NaN	NaN	0.0	NaN	
45	16	1.4878427207263762	19.9	0.4488959142318185	1001569.5920160913	245.56032321021576	58.21731243259893	0.27501033925388857	14.878427207263762	0.5464683357125104	
46	9	NaN	NaN	0.0	NaN	NaN	NaN	NaN	0.0	NaN	
46	16	1.5497622812314067	22.7	0.45661235586265564	1018803.7123278107	260.1939866932337	68.62513532684487	0.29954463173728135	15.497622812314066	0.5445742092527831	
47	9	NaN	NaN	0.0	NaN	NaN	NaN	NaN	0.0	NaN	
47	16	1.6135203735314039	20.4	0.46296127240763074	1049366.550647817	275.53264275876705	79.22542240092477	0.3214596654764855	16.13520373531404	0.5457851044535433	
48	9	NaN	NaN	0.0	NaN	NaN	NaN	NaN	0.0	NaN	
48	16	1.6646477976992498	23.5	0.4685483708515842	1067001.4464976625	290.6712769825016	89.667771506269	0.3410350236261991	16.646477976992497	0.5450299464800289	
49	9	NaN	NaN	0.0	NaN	NaN	NaN	NaN	0.0	NaN	
49	16	1.7200554001051578	24.6	0.47340732471659935	1083389.4223389977	306.35424385768226	99.72033143463084	0.35654543919114023	17.20055400105158	0.5346681344020555	
50	9	NaN	NaN	0.0	NaN	NaN	NaN	NaN	0.0	NaN	
50	16	1.767891928140898	23.5	0.4780537718806239	1092043.1800197545	321.8381297523689	109.31167086587274	0.36988520140272185	17.67891928140898	0.5379022328230126	
51	9	NaN	NaN	0.0	NaN	NaN	NaN	NaN	0.0	NaN	
51	16	1.8197644497582388	23.3	0.484564769713518	1095992.0688188286	337.6256840598013	118.54446523028737	0.3812106538317368	18.197644497582388	0.539484409073458	
52	9	NaN	NaN	0.0	NaN	NaN	NaN	NaN	0.0	NaN	
52	16	1.8835125559637969	24.5	0.4912253425051379	1132755.9147295882	354.570780296489	127.45281644014703	0.38979261680179855	18.83512555963797	0.5416800021745201	
53	9	NaN	NaN	0.0	NaN	NaN	NaN	NaN	0.0	NaN	
53	16	1.9497295650153537	24.6	0.49700230495546116	1152455.7515215406	371.6906512710713	135.62442496774673	0.3953660364357367	19.497295650153536	0.5305871844664821	
54	9	NaN	NaN	0.0	NaN	NaN	NaN	NaN	0.0	NaN	
54	16	2.0165231704995223	24.5	0.5023382046959126	1183456.8485424514	389.184749562886	142.90583885269743	0.3985781652610589	20.16523170499522	0.5330299952617854	
55	9	NaN	NaN	0.0	NaN	NaN	NaN	NaN	0.0	NaN	
55	16	2.0817657723216842	23.3	0.5103551465107822	1217087.7072242412	406.99154380907254	150.05085650042645	0.40167526911917806	20.817657723216843	0.5314137230097017	
56	9	NaN	NaN	0.0	NaN	NaN	NaN	NaN	0.0	NaN	
56	16	2.1477652621506778	24.6	0.5188074057556102	1236860.477248084	425.04839565112843	157.3763664981751	0.40482223011649543	21.477652621506778	0.5310952689804304	
57	9	NaN	NaN	0.0	NaN	NaN	NaN	NaN	0.0	NaN	
57	16	2.206293614239084	26.8	0.525772985846998	1244688.324135832	442.80598703084695	165.01272370876663	0.40889256567954585	22.062936142390843	0.523022593614182	
58	9	NaN	NaN	0.0	NaN	NaN	NaN	NaN	0.0	NaN	
58	16	2.269490057720631	27.5	0.5330205925376662	1274935.9914999672	461.1384452525461	172.71809799017313	0.41225081806348113	22.69490057720631	0.5220777216929717	
59	9	NaN	NaN	0.0	NaN	NaN	NaN	NaN	0.0	NaN	
59	16	2.3351949018471467	24.7	0.5401457574572958	1287591.6960255906	479.50835281566	180.51624482599829	0.41551820934637207	23.351949018471466	0.5220830628995541	
60	9	NaN	NaN	0.0	NaN	NaN	NaN	NaN	0.0	NaN	
60	16	2.394402522910183	27.0	0.5479426023477818	1310853.4625908837	497.74001083362674	188.39041843386542	0.4187514287361264	23.944025229101833	0.5252630174457924	
61	9	NaN	NaN	0.0	NaN	NaN	NaN	NaN	0.0	NaN	
61	16	2.461501095717369	27.8	0.5538855307735153	1343778.7289103991	516.9486779846836	196.4772023715771	0.4214097354408222	24.615010957173688	0.5150552133953386	
62	9	NaN	NaN	0.0	NaN	NaN	NaN	NaN	0.0	NaN	
62	16	2.5436332850572763	26.6	0.5609841948250306	1351270.6877733772	536.631290664373	204.46602191461972	0.42240542540115517	25.43633285057276	0.515429159955914	
63	9	NaN	NaN	0.0	NaN	NaN	NaN	NaN	0.0	NaN	
63	16	2.607743247621678	28.6	0.5665453857897467	1358577.8654501226	555.1605413831614	212.4613670526346	0.4240856900501211	26.077432476216778	0.5148030785803863	
64	9	NaN	NaN	0.0	NaN	NaN	NaN	NaN	0.0	NaN	
64	16	2.670555199192158	27.3	0.5739628019469869	1357369.3588492845	573.5267328560882	220.44107590779558	0.42596667372650854	26.70555199192158	0.5132912762828117	
65	9	NaN	NaN	0.0	NaN	NaN	NaN	NaN	0.0	NaN	
65	16	2.732483476507751	31.9	0.577812039608875	1343526.3729375869	591.3407074251439	228.55645813384658	0.42801068327219427	27.324834765077508	0.5059670466099143	
66	9	NaN	NaN	0.0	NaN	NaN	NaN	NaN	0.0	NaN	
66	16	2.7971644080212523	30.9	0.5829024679739533	1361690.7885886296	609.6054025693654	236.82968476408269	0.4300129193411341	27.971644080212524	0.5068517517168565	
67	9	NaN	NaN	0.0	NaN	NaN	NaN	NaN	0.0	NaN	
67	16	2.8701426905053156	31.4	0.5890055413220484	1375425.7862850092	628.0761596563997	245.1379174870636	0.4313356416914497	28.701426905053154	0.5061725641931628	
68	9	NaN	NaN	0.0	NaN	NaN	NaN	NaN	0.0	NaN	
68	16	2.9270450414200813	32.5	0.5927787299197984	1398381.3052521811	645.7654570522207	253.84154886863593	0.4337727493315768	29.270450414200813	0.4968720752177216	
69	9	NaN	NaN	0.0	NaN	NaN	NaN	NaN	0.0	NaN	
69	16	2.98385996369717	29.5	0.5973961743955846	1420932.054271405	663.6513196562964	262.85022782429326	0.43638515459076305	29.8385996369717	0.4971603587098909	
70	9	NaN	NaN	0.0	NaN	NaN	NaN	NaN	0.0	NaN	
70	16	3.0223047963627776	33.1	0.6008593926518422	1436452.4854076025	680.834326656011	271.9708338204774	0.43964122603692357	30.223047963627778	0.4967935031509483	
71	9	NaN	NaN	0.0	NaN	NaN	NaN	NaN	0.0	NaN	
71	16	3.0674285752439676	32.4	0.6052166494310111	1432484.9199916476	698.2639978395448	281.18502412348886	0.4426583652589863	30.674285752439676	0.49827407897599224	
72	9	NaN	NaN	0.0	NaN	NaN	NaN	NaN	0.0	NaN	
72	16	3.1246942766817782	33.1	0.6085633081477203	1426624.995042029	715.8996153443832	290.2298092240809	0.44473317181611915	31.24694276681778	0.49685552990235854	
73	9	NaN	NaN	0.0	NaN	NaN	NaN	NaN	0.0	NaN	
73	16	3.166761931535697	35.9	0.6118042992062167	1412266.5123526216	732.2571186852342	299.22431556254986	0.44724453550018267	31.667619315356973	0.4893056657697977	
74	9	NaN	NaN	0.0	NaN	NaN	NaN	NaN	0.0	NaN	
74	16	3.1970161623756366	34.6	0.6146421490884223	1395793.7671757485	747.7811898870912	308.04555464694283	0.44999139909041186	31.970161623756365	0.4917176895209833	
75	9	NaN	NaN	0.0	NaN	NaN	NaN	NaN	0.0	NaN	
75	16	3.2303465423905786	35.1	0.617045558047842	1407420.146065921	763.4197935728894	316.6818766079292	0.45192453518589953	32.303465423905784	0.4898068094722355	
76	9	NaN	NaN	0.0	NaN	NaN	NaN	NaN	0.0	NaN	
76	16	3.272605796313152	36.0	0.6203653075175725	1440857.1930902677	779.9298075883032	325.40163534140765	0.45337220281924845	32.72605796313152	0.4917020658766759	
77	9	NaN	NaN	0.0	NaN	NaN	NaN	NaN	0.0	NaN	
77	16	3.3202796032180544	36.5	0.6229247122616954	1447326.0340034915	796.6950426106839	334.22486770897893	0.4547195896491589	33.202796032180544	0.48378327506240043	
78	9	NaN	NaN	0.0	NaN	NaN	NaN	NaN	0.0	NaN	
78	16	3.373616498272187	38.3	0.6273678292351474	1490281.9465601256	814.1808203067285	343.38842372760257	0.45616292219645016	33.73616498272187	0.4832920009327624	
79	9	NaN	NaN	0.0	NaN	NaN	NaN	NaN	0.0	NaN	
79	16	3.399001450759968	40.2	0.6307972721366238	1503357.2096515927	830.2808795352869	352.7433911020149	0.4587600191951182	33.99001450759968	0.48550287633206723	
80	9	NaN	NaN	0.0	NaN	NaN	NaN	NaN	0.0	NaN	
80	16	3.4220114950862652	36.7	0.633753033907108	1480206.0394737646	845.8498189751983	362.10769281838566	0.46146667667745206	34.22011495086265	0.4860394349707212	
81	9	NaN	NaN	0.0	NaN	NaN	NaN	NaN	0.0	NaN	
81	16	3.4597139455016843	40.4	0.6360455752000016	1490652.972082914	862.1115642081284	371.577551911019	0.4635526519658069	34.597139455016844	0.48088554787213317	
82	9	NaN	NaN	0.0	NaN	NaN	NaN	NaN	0.0	NaN	
82	16	3.4906465351950082	38.3	0.6382050398372576	1479510.7731994535	877.6345703020736	380.98844281813444	0.46578248577299786	34.90646535195008	0.48129694310524607	
83	9	NaN	NaN	0.0	NaN	NaN	NaN	NaN	0.0	NaN	
83	16	3.5086686389413613	43.1	0.64052540312504	1503082.0064903274	892.8245531895393	390.4813478830564	0.4682397511503904	35.086686389413615	0.4828569582982385	
84	9	NaN	NaN	0.0	NaN	NaN	NaN	NaN	0.0	NaN	
84	16	3.548225965506937	42.9	0.6438794254173066	1548188.0483124037	909.9720786420746	400.22273984909054	0.47003100432936895	35.48225965506937	0.4838568444342923	
85	9	NaN	NaN	0.0	NaN	NaN	NaN	NaN	0.0	NaN	
85	16	3.5673527142750565	40.5	0.6457858356920138	1527595.2824673217	925.7343799690876	409.72141060500235	0.4721248512357335	35.673527142750565	0.4765086161772462	
86	9	NaN	NaN	0.0	NaN	NaN	NaN	NaN	0.0	NaN	
86	16	3.609806145250689	43.8	0.6492516942182107	1531210.522152953	942.8969567671204	419.0710963856135	0.4733635201354068	36.09806145250689	0.476532250330953	
87	9	NaN	NaN	0.0	NaN	NaN	NaN	NaN	0.0	NaN	
87	16	3.639538110776841	42.9	0.65323422181355	1535537.5184492753	959.3193793466805	428.56652988280337	0.47506593887508425	36.39538110776841	0.47642163113800273	
88	9	NaN	NaN	0.0	NaN	NaN	NaN	NaN	0.0	NaN	
88	16	3.673986599742933	45.4	0.6561506090863852	1540585.3568911515	976.0340321257934	438.2331654134615	0.47678115620172573	36.73986599742933	0.4771136524397683	
89	9	NaN	NaN	0.0	NaN	NaN	NaN	NaN	0.0	NaN	
89	16	3.703869867696919	46.6	0.6578745626610011	1528122.9661811327	992.2660073656614	447.91430038435345	0.4785870316119938	37.03869867696919	0.47020430766883764	
90	9	NaN	NaN	0.0	NaN	NaN	NaN	NaN	0.0	NaN	
90	16	3.720148495181647	44.6	0.6585596267311156	1534674.5626785543	1007.8209183765259	457.50808656492364	0.48055310703136817	37.20148495181647	0.4711828544896435	
91	9	NaN	NaN	0.0	NaN	NaN	NaN	NaN	0.0	NaN	
91	16	3.7559691092334484	48.3	0.6609593363923327	1534459.2089434909	1024.3609786773934	466.9560106038442	0.4818408666470691	37.55969109233448	0.4719525827370613	
92	9	NaN	NaN	0.0	NaN	NaN	NaN	NaN	0.0	NaN	
92	16	3.7830679911308955	45.6	0.6634882850117433	1534628.6971766043	1040.3817025989533	476.3439847752535	0.48342513765064293	37.830679911308955	0.47294233949418635	
93	9	NaN	NaN	0.0	NaN	NaN	NaN	NaN	0.0	NaN	
93	16	3.807988291841054	51.1	0.6642312850584232	1517799.2124469017	1056.0885255246758	485.5642310070689	0.4849902421779063	38.07988291841054	0.46713727822075585	
94	9	NaN	NaN	0.0	NaN	NaN	NaN	NaN	0.0	NaN	
94	16	3.7935396614363164	50.7	0.6642170936263828	1515146.6802810424	1069.3745875325699	494.61911118389634	0.48737585403595607	37.935396614363164	0.46720707370135045	
95	9	NaN	NaN	0.0	NaN	NaN	NaN	NaN	0.0	NaN	
95	16	3.824864398745386	46.9	0.6663350765457234	1533334.127850934	1085.3136798967041	503.6038064355457	0.48838884027067514	38.24864398745386	0.4681377506674113	
96	9	NaN	NaN	0.0	NaN	NaN	NaN	NaN	0.0	NaN	
96	16	3.857986585813233	49.8	0.6702522502202385	1551289.883164475	1101.5666188692608	512.6293394411363	0.48941281628443645	38.57986585813233	0.469852608216756	
97	9	NaN	NaN	0.0	NaN	NaN	NaN	NaN	0.0	NaN	
97	16	3.8861978941842756	52.1	0.6727448383871228	1548438.3212511695	1117.326973616788	521.7051360331885	0.4906776558599151	38.86197894184276	0.4701516242766698	
98	9	NaN	NaN	0.0	NaN	NaN	NaN	NaN	0.0	NaN	
98	16	3.903050105640287	50.4	0.6730313286529187	1518101.915646776	1131.8827561184846	530.6417966102717	0.49218921596314347	39.03050105640287	0.4623943683722881	
99	9	NaN	NaN	0.0	NaN	NaN	NaN	NaN	0.0	NaN	
99	16	3.889334412907347	54.3	0.6746907608932404	1481642.9086973853	1144.148032010688	539.2412458225011	0.49422925499436887	38.89334412907347	0.46233894650810703	
100	9	NaN	NaN	0.0	NaN	NaN	NaN	NaN	0.0	NaN	
100	16	3.9232472233808364	51.2	0.6768518814841883	1497112.635596499	1159.1689122270775	547.9011317209398	0.49499974764197263	39.232472233808366	0.4636626049447947	
1	9	NaN	NaN	0.0	NaN	NaN	NaN	NaN	0.0	NaN	
1	16	0.0	10.0	0.0	0.0	3.0	0.0	NaN	0.0	1.200000000000002	
2	9	NaN	NaN	0.0	NaN	NaN	NaN	NaN	0.0	NaN	
2	16	0.0	10.0	0.0	0.0	2.9438614596153565	0.0	NaN	0.0	1.200000000000002	
3	9	NaN	NaN	0.0	NaN	NaN	NaN	NaN	0.0	NaN	
3	16	0.013604567795433722	10.0	0.0	0.0	1.9399859246538689	0.0	0.0	0.13604567795433722	1.200000000000002	
4	9	NaN	NaN	0.0	NaN	NaN	NaN	NaN	0.0	NaN	
4	16	0.015046272245910968	10.0	0.0026994808719898334	11215.276607562293	2.1225159313670785	0.0	0.0	0.1504627224591097	0.37236970620899174	
5	9	NaN	NaN	0.0	NaN	NaN	NaN	NaN	0.0	NaN	
5	16	0.01621451824080179	10.0	0.0033256405867964564	8405.71888152443	2.254853873565085	0.0	0.0	0.1621451824080179	0.42623117607186733	
6	9	NaN	NaN	0.0	NaN	NaN	NaN	NaN	0.0	NaN	
6	16	0.017546029948621172	10.0	0.004211887583507481	9725.77173043647	2.40931271203569	0.0	0.0	0.17546029948621172	0.4720530539867919	
7	9	NaN	NaN	0.0	NaN	NaN	NaN	NaN	0.0	NaN	
7	16	0.01926802090644123	10.0	0.0048965556658084105	11387.507058296505	2.5915542363699746	0.0	0.0	0.19268020906441233	0.30181550023159726	
8	9	NaN	NaN	0.0	NaN	NaN	NaN	NaN	0.0	NaN	
8	16	0.021747821816305603	10.0	0.006293480880389751	13511.04693617276	2.8095778788124726	0.0	0.0	0.21747821816305604	0.366877882121046	
9	9	NaN	NaN	0.0	NaN	NaN	NaN	NaN	0.0	NaN	
9	16	0.025055604384389325	10.6	0.007629936809525665	16412.822448403906	3.076705813650193	0.0	0.0	0.25055604384389324	0.4172984667605317	
10	9	NaN	NaN	0.0	NaN	NaN	NaN	NaN	0.0	NaN	
10	16	0.02888415924901173	11.3	0.008947833410073434	19775.951357012676	3.400647919324663	0.0	0.0	0.2888415924901173	0.3214671843776202	
11	9	NaN	NaN	0.0	NaN	NaN	NaN	NaN	0.0	NaN	
11	16	0.033127439714137494	10.6	0.010536165363307485	22960.67341217033	3.7528190335990517	0.0	0.0	0.33127439714137497	0.35222047052955885	
12	9	NaN	NaN	0.0	NaN	NaN	NaN	NaN	0.0	NaN	
12	16	0.03827196041214102	12.9	0.01228916059358209	27372.27858784828	4.178682903038445	0.0	0.0	0.3827196041214102	0.38247955574639003	
13	9	NaN	NaN	0.0	NaN	NaN	NaN	NaN	0.0	NaN	
13	16	0.04387442220498624	12.3	0.014341477093421512	32008.101731070423	4.692475059906525	0.0	0.0	0.4387442220498624	0.3170936880916434	
14	9	NaN	NaN	0.0	NaN	NaN	NaN	NaN	0.0	NaN	
14	16	0.05017570368244736	12.1	0.016625407568742468	36995.777252130945	5.28430675497919	0.0	0.0	0.5017570368244736	0.34708319348445926	
15	9	NaN	NaN	0.0	NaN	NaN	NaN	NaN	0.0	NaN	
15	16	0.05847960391835542	11.8	0.018907519661173593	43025.91921154772	5.996582866764699	0.0	0.0	0.5847960391835542	0.3755137736760357	
16	9	NaN	NaN	0.0	NaN	NaN	NaN	NaN	0.0	NaN	
16	16	0.0681885586397131	12.5	0.021723646245682654	49608.981808447264	6.813665151360364	0.0	0.0	0.6818855863971309	0.3983991283789823	
17	9	NaN	NaN	0.0	NaN	NaN	NaN	NaN	0.0	NaN	
17	16	0.07806825200173745	13.0	0.02475365408961531	57233.98807523227	7.754465068826301	0.0	0.0	0.7806825200173745	0.35218277446650975	
18	9	NaN	NaN	0.0	NaN	NaN	NaN	NaN	0.0	NaN	
18	16	0.08927252093541456	13.1	0.028715550034916784	64261.28274785522	8.812443340400916	0.0	0.0	0.8927252093541456	0.3775766243325815	
19	9	NaN	NaN	0.0	NaN	NaN	NaN	NaN	0.0	NaN	
19	16	0.10277188202962376	14.0	0.032908443395067995	75811.61019654827	10.068658699399595	0.0	0.0	1.0277188202962375	0.41550098363101606	
20	9	NaN	NaN	0.0	NaN	NaN	NaN	NaN	0.0	NaN	
20	16	0.11812784822840647	14.2	0.03758617020358607	86638.8362062326	11.502382261748807	0.0	0.0	1.1812784822840647	0.38324497111016353	
21	9	NaN	NaN	0.0	NaN	NaN	NaN	NaN	0.0	NaN	
21	16	0.13466337884619572	13.9	0.04420020471212612	100634.83739862866	13.173331160892229	0.0	0.0	1.3466337884619572	0.414442463483447	
22	9	NaN	NaN	0.0	NaN	NaN	NaN	NaN	0.0	NaN	
22	16	0.15477887831586531	13.7	0.0510155672537235	116219.2348720588	15.11011247209795	0.0	0.0	1.5477887831586532	0.4389156682587557	
23	9	NaN	NaN	0.0	NaN	NaN	NaN	NaN	0.0	NaN	
23	16	0.17860653474631763	15.5	0.059365886137074775	134832.17725845944	17.35824098690912	0.0	0.0	1.7860653474631762	0.4742198813323816	
24	9	NaN	NaN	0.0	NaN	NaN	NaN	NaN	0.0	NaN	
24	16	0.20597422745521743	14.6	0.06888066710544768	156222.183224322	19.964019268931413	0.0	0.0	2.0597422745521743	0.45691341365105204	
25	9	NaN	NaN	0.0	NaN	NaN	NaN	NaN	0.0	NaN	
25	16	0.23446363356882385	14.8	0.08093166795717835	181246.45703796405	22.98837749461232	0.0	0.0	2.3446363356882385	0.4798189862424243	
26	9	NaN	NaN	0.0	NaN	NaN	NaN	NaN	0.0	NaN	
26	16	0.2676091417479143	15.6	0.09330322625327624	206930.99121044116	26.43601491254263	0.0	0.0	2.676091417479143	0.5188236852881363	
27	9	NaN	NaN	0.0	NaN	NaN	NaN	NaN	0.0	NaN	
27	16	0.305626706332654	16.1	0.10682409010563293	236845.40373368486	30.38577988260591	0.0	0.0	3.0562670633265396	0.5048517704767309	
28	9	NaN	NaN	0.0	NaN	NaN	NaN	NaN	0.0	NaN	
28	16	0.34611962488324216	15.8	0.12321973076455743	268260.7514576945	34.88911108032007	0.0	0.0	3.4611962488324215	0.527742987075169	
29	9	NaN	NaN	0.0	NaN	NaN	NaN	NaN	0.0	NaN	
29	16	0.38947883598946764	15.5	0.1409085411446524	308242.0335015919	40.061541601031976	0.0	0.0	3.8947883598946764	0.5504764900534793	
30	9	NaN	NaN	0.0	NaN	NaN	NaN	NaN	0.0	NaN	
30	16	0.43763125980800444	15.9	0.15892516428926018	344080.8943712377	45.9115995049597	0.0	0.0	4.376312598080045	0.5684950059956398	
31	9	NaN	NaN	0.0	NaN	NaN	NaN	NaN	0.0	NaN	
31	16	0.4900462857344716	16.2	0.17830196799882203	383406.1350984707	52.64702906615539	0.0	0.0	4.900462857344716	0.552318793031393	
32	9	NaN	NaN	0.0	NaN	NaN	NaN	NaN	0.0	NaN	
32	16	0.5420895177273719	16.9	0.20011291146943708	426762.6215011437	60.32802172912888	0.0	0.0	5.420895177273719	0.5654376063367509	
33	9	NaN	NaN	0.0	NaN	NaN	NaN	NaN	0.0	NaN	
33	16	0.5972294306364379	17.4	0.22037281047236887	473441.8455548521	68.72042369169024	0.0	0.0	5.972294306364378	0.5786559959353919	
34	9	NaN	NaN	0.0	NaN	NaN	NaN	NaN	0.0	NaN	
34	16	0.6554461644048735	17.6	0.240123579594658	514450.4580078375	77.96149540194929	0.0	0.0	6.554461644048734	0.5654286735083904	
35	9	NaN	NaN	0.0	NaN	NaN	NaN	NaN	0.0	NaN	
35	16	0.7161006862419195	16.7	0.2594339600209351	558562.5905134913	88.28039453220435	0.0	0.0	7.161006862419194	0.5764528717397721	
36	9	NaN	NaN	0.0	NaN	NaN	NaN	NaN	0.0	NaN	
36	16	0.7756073994862261	18.2	0.27967831026303097	605772.4020187496	99.6700485513827	0.0	0.0	7.756073994862262	0.5856280288449074	
37	9	NaN	NaN	0.0	NaN	NaN	NaN	NaN	0.0	NaN	
37	16	0.8392448030209223	20.6	0.2995331639821345	653285.9975993361	111.87302584964395	0.0	0.0	8.392448030209223	0.5895269887643323	
38	9	NaN	NaN	0.0	NaN	NaN	NaN	NaN	0.0	NaN	
38	16	0.9012156966634924	20.2	0.31762945085017996	694841.1325862415	123.95192656568081	2.1332537018037177	0.02300896264957314	9.012156966634924	0.5836056668326072	
39	9	NaN	NaN	0.0	NaN	NaN	NaN	NaN	0.0	NaN	
39	16	0.9637359691569524	18.5	0.33497165416266866	749154.6234154046	136.58233801702087	6.1024544793123265	0.05913949675929441	9.637359691569523	0.5819291739148731	
40	9	NaN	NaN	0.0	NaN	NaN	NaN	NaN	0.0	NaN	
40	16	1.0225980249658924	20.2	0.35161548633147144	797432.3922133482	149.49096674964065	11.602200143461712	0.10081847773299514	10.225980249658923	0.5862422357967447	
41	9	NaN	NaN	0.0	NaN	NaN	NaN	NaN	0.0	NaN	
41	16	1.0838839071697186	20.7	0.36645883871211593	849801.4700725765	162.78861991611046	18.288034289156155	0.1419839124125124	10.838839071697187	0.5888839143186384	
42	9	NaN	NaN	0.0	NaN	NaN	NaN	NaN	0.0	NaN	
42	16	1.1461784289610644	19.6	0.3787363775700031	868296.8660163846	175.81066949163767	26.06994642902613	0.1814969147231091	11.461784289610645	0.5719192972923987	
43	9	NaN	NaN	0.0	NaN	NaN	NaN	NaN	0.0	NaN	
43	16	1.2077248964549976	20.0	0.39035902140404216	875498.8205741612	188.78696100965675	34.54001502250315	0.21761389855573104	12.077248964549977	0.5719445554966267	
44	9	NaN	NaN	0.0	NaN	NaN	NaN	NaN	0.0	NaN	
44	16	1.2652610326506595	22.9	0.40138902542608546	889626.8792963389	201.99561685725502	43.34514542453891	0.2494359795688239	12.652610326506595	0.5711328748647904	
45	9	NaN	NaN	0.0	NaN	NaN	NaN	NaN	0.0	NaN	
45	16	1.320617961806414	20.0	0.41063403313700597	898442.2082406569	214.96617143424731	52.42568200513375	0.2769388541539519	13.206179618064139	0.5534724613416089	
46	9	NaN	NaN	0.0	NaN	NaN	NaN	NaN	0.0	NaN	
46	16	1.3764806038768043	20.6	0.41772727011505545	912152.7411104285	228.2781800134907	61.542429485442746	0.300684911581701	13.764806038768043	0.5548144038451225	
47	9	NaN	NaN	0.0	NaN	NaN	NaN	NaN	0.0	NaN	
47	16	1.4316083504711798	21.2	0.4243061629368189	958872.747315435	242.44771505959412	71.00743254393453	0.3228158943633997	14.316083504711798	0.5559333138280536	
48	9	NaN	NaN	0.0	NaN	NaN	NaN	NaN	0.0	NaN	
48	16	1.4826196828659897	22.3	0.43123766767848626	971002.4453712313	256.75536791348395	80.38055633122015	0.34234098538747154	14.826196828659896	0.5593629667566556	
49	9	NaN	NaN	0.0	NaN	NaN	NaN	NaN	0.0	NaN	
49	16	1.5321855053304954	23.5	0.43691848502658515	973778.2685555794	270.9360090647372	89.45635696452435	0.35842893428173617	15.321855053304953	0.5478810126852821	
50	9	NaN	NaN	0.0	NaN	NaN	NaN	NaN	0.0	NaN	
50	16	1.5829495026891878	21.9	0.44331070978723686	986774.6084457042	285.28361016609375	98.23906811799606	0.3718023984553744	15.829495026891877	0.5483073559502191	
51	9	NaN	NaN	0.0	NaN	NaN	NaN	NaN	0.0	NaN	
51	16	1.6450649004714297	23.6	0.44964636703847827	1017276.5788280352	300.5405994811164	107.01936891192538	0.38312613343131896	16.450649004714297	0.5533661428550836	
52	9	NaN	NaN	0.0	NaN	NaN	NaN	NaN	0.0	NaN	
52	16	1.7050098302920484	22.3	0.4583874280067019	1039470.0828737819	316.0198401341329	115.30580381204875	0.3920357440808941	17.050098302920485	0.5523589753676816	
53	9	NaN	NaN	0.0	NaN	NaN	NaN	NaN	0.0	NaN	
53	16	1.762159330937584	25.4	0.4643525527111429	1070876.0498664915	331.7094427295606	122.9339746647685	0.39810725663109825	17.62159330937584	0.5394029969302907	
54	9	NaN	NaN	0.0	NaN	NaN	NaN	NaN	0.0	NaN	
54	16	1.8256138052892523	23.1	0.47244460644898073	1095929.0235121506	347.98287538109696	129.66863708937666	0.4010339781101031	18.256138052892524	0.5429048349650673	
55	9	NaN	NaN	0.0	NaN	NaN	NaN	NaN	0.0	NaN	
55	16	1.9027265816266925	22.8	0.4804003302427113	1127653.85408929	365.4414436507932	136.15114637237866	0.4026360852388416	19.027265816266926	0.5430977089766968	
56	9	NaN	NaN	0.0	NaN	NaN	NaN	NaN	0.0	NaN	
56	16	1.9693116695354533	25.1	0.49077963430729005	1147444.2067913339	382.6082978103469	142.77450962527683	0.4051524334835503	19.693116695354533	0.5439988007912331	
57	9	NaN	NaN	0.0	NaN	NaN	NaN	NaN	0.0	NaN	
57	16	2.0423175960728726	26.8	0.49928391657486887	1168389.0765896593	400.56222473818127	149.70904194346335	0.40789131833672015	20.423175960728724	0.5338760052825584	
58	9	NaN	NaN	0.0	NaN	NaN	NaN	NaN	0.0	NaN	
58	16	2.107790984727183	25.6	0.5072154254381414	1194106.5084046363	418.320966448931	156.76810195018476	0.4109179244132669	21.07790984727183	0.532866851480134	
59	9	NaN	NaN	0.0	NaN	NaN	NaN	NaN	0.0	NaN	
59	16	2.1858959853828557	25.4	0.5165103539552417	1222287.9679814223	436.96507810841024	163.98115543575713	0.4132735190918339	21.858959853828555	0.5349861139549222	
60	9	NaN	NaN	0.0	NaN	NaN	NaN	NaN	0.0	NaN	
60	16	2.2572106244230374	26.5	0.5247509467249385	1248429.6955007561	455.4018362847022	171.35163779797955	0.41578476185987767	22.572106244230376	0.5354976280177197	
61	9	NaN	NaN	0.0	NaN	NaN	NaN	NaN	0.0	NaN	
61	16	2.323154465155519	29.3	0.5323669378615471	1273515.9732051694	473.70277634518624	179.03741030075335	0.4185018162652661	23.231544651555193	0.5250340289427199	
62	9	NaN	NaN	0.0	NaN	NaN	NaN	NaN	0.0	NaN	
62	16	2.3955717918439747	28.4	0.5397692053145084	1279566.751259183	491.8738993626174	186.65141620379939	0.4198405046905529	23.95571791843975	0.5267176025967113	
63	9	NaN	NaN	0.0	NaN	NaN	NaN	NaN	0.0	NaN	
63	16	2.4691111720578416	26.2	0.5473299247196002	1296511.9482121007	509.75053598743915	194.46236603572353	0.420982722240549	24.691111720578416	0.5234845647780731	
64	9	NaN	NaN	0.0	NaN	NaN	NaN	NaN	0.0	NaN	
64	16	2.547564252191916	30.4	0.5547373519546889	1298059.351328204	527.5706877320646	202.44943834640407	0.4222109329157634	25.475642521919163	0.5263516549457805	
65	9	NaN	NaN	0.0	NaN	NaN	NaN	NaN	0.0	NaN	
65	16	2.626703346211211	32.1	0.5610122198817244	1289858.2780755549	544.9323202553052	210.597893404679	0.4236434947990037	26.267033462112106	0.5167183383718367	
66	9	NaN	NaN	0.0	NaN	NaN	NaN	NaN	0.0	NaN	
66	16	2.6952964629799334	29.6	0.5669572559784788	1310646.1616861953	562.0426676909467	218.90838686268344	0.42572992530285847	26.952964629799336	0.515079529958959	
67	9	NaN	NaN	0.0	NaN	NaN	NaN	NaN	0.0	NaN	
67	16	2.7523203625478985	33.0	0.5722823263391892	1326557.89076867	578.5602747284202	227.1912114985712	0.42799748130005877	27.523203625478985	0.5165189214444392	
68	9	NaN	NaN	0.0	NaN	NaN	NaN	NaN	0.0	NaN	
68	16	2.8159898552852045	33.1	0.5772506238857794	1354744.4437620188	595.7675929895042	235.7518013864104	0.43029995926672104	28.159898552852045	0.5104769779482763	
69	9	NaN	NaN	0.0	NaN	NaN	NaN	NaN	0.0	NaN	
69	16	2.867104341923172	33.5	0.5825417612098232	1371347.1005330451	612.5711289292381	244.46009592885412	0.4331736767408385	28.67104341923172	0.510713150793332	
70	9	NaN	NaN	0.0	NaN	NaN	NaN	NaN	0.0	NaN	
70	16	2.9242149682603387	31.7	0.5868510588601928	1390152.915280112	630.2465951354422	253.17473525093823	0.4356594576416609	29.242149682603387	0.5104369490707156	
71	9	NaN	NaN	0.0	NaN	NaN	NaN	NaN	0.0	NaN	
71	16	2.9922233200862203	31.6	0.5917546756633641	1395349.6311749115	648.4574592046674	262.05216355323927	0.4378256381743917	29.922233200862202	0.5105369715772323	
72	9	NaN	NaN	0.0	NaN	NaN	NaN	NaN	0.0	NaN	
72	16	3.0575164071039613	33.4	0.5965292313257238	1385974.2280122524	666.1720679540907	270.6848410265778	0.4396225364292492	30.575164071039612	0.5110419394255569	
73	9	NaN	NaN	0.0	NaN	NaN	NaN	NaN	0.0	NaN	
73	16	3.1000295759598773	35.6	0.6001582794672512	1377196.0482087205	682.4417326686988	279.20678495942354	0.44219025174559773	31.00029575959877	0.5044885561748358	
74	9	NaN	NaN	0.0	NaN	NaN	NaN	NaN	0.0	NaN	
74	16	3.1382665873289435	37.5	0.6043156205591543	1369147.3099471428	698.1820485832875	287.7376613891516	0.4447857201533832	31.382665873289433	0.5037885391039656	
75	9	NaN	NaN	0.0	NaN	NaN	NaN	NaN	0.0	NaN	
75	16	3.15306412815841	34.8	0.6068731155132446	1381128.0953439195	712.7357812502648	296.07196046425213	0.4476039899492587	31.530641281584103	0.5059193101596553	
76	9	NaN	NaN	0.0	NaN	NaN	NaN	NaN	0.0	NaN	
76	16	3.21077476586933	36.0	0.6113750690021108	1429372.79517307	730.3814527121552	304.59209402860995	0.4486469795736673	32.1077476586933	0.5051157185302448	
77	9	NaN	NaN	0.0	NaN	NaN	NaN	NaN	0.0	NaN	
77	16	3.264115343667629	35.3	0.6151725764296327	1433151.3564342172	747.7492286199525	313.2145501046906	0.4499770715035045	32.64115343667629	0.49704553828387377	
78	9	NaN	NaN	0.0	NaN	NaN	NaN	NaN	0.0	NaN	
78	16	3.3029302913996346	36.5	0.6188032162871767	1477314.051738129	764.8310006981369	322.2612035372768	0.4522254089243409	33.02930291399635	0.49926749753929395	
79	9	NaN	NaN	0.0	NaN	NaN	NaN	NaN	0.0	NaN	
79	16	3.340176854470138	35.8	0.6231596511134222	1487908.2542887484	782.0137955839789	331.494296496321	0.4547756127318512	33.401768544701376	0.49887933406092005	
80	9	NaN	NaN	0.0	NaN	NaN	NaN	NaN	0.0	NaN	
80	16	3.399105533989234	37.1	0.6269224035192659	1466585.7499823733	799.8828466969508	340.73262849731	0.45661468011128037	33.99105533989234	0.5005824125526683	
81	9	NaN	NaN	0.0	NaN	NaN	NaN	NaN	0.0	NaN	
81	16	3.444672121781572	40.4	0.6292179609935052	1477227.3400344574	816.8822498142695	350.02290881789196	0.45873386989256304	34.44672121781572	0.4933799659036648	
82	9	NaN	NaN	0.0	NaN	NaN	NaN	NaN	0.0	NaN	
82	16	3.4821440197443154	39.8	0.633089983467899	1474983.7999651667	833.3680235471235	359.2413497526196	0.4610227178446422	34.82144019744315	0.49641795795196253	
83	9	NaN	NaN	0.0	NaN	NaN	NaN	NaN	0.0	NaN	
83	16	3.5110988627959414	39.0	0.6356272401151443	1515490.1853757326	849.8875912977874	368.69956174007007	0.4634607061512005	35.110988627959415	0.4958016569844461	
84	9	NaN	NaN	0.0	NaN	NaN	NaN	NaN	0.0	NaN	
84	16	3.5287845639456656	41.2	0.6386890811280854	1559466.2273786995	866.4442176499367	378.5434851083628	0.4663163286454081	35.287845639456656	0.49590648660665154	
85	9	NaN	NaN	0.0	NaN	NaN	NaN	NaN	0.0	NaN	
85	16	3.5807659591478105	41.3	0.6416814571216396	1540671.241814414	884.3615757733063	388.2257046927133	0.46766822930994073	35.80765959147811	0.48867526058492894	
86	9	NaN	NaN	0.0	NaN	NaN	NaN	NaN	0.0	NaN	
86	16	3.6261161091111185	41.7	0.6446181999676333	1543212.2774662268	901.5892061898439	397.80763573230774	0.4689591174287612	36.261161091111184	0.48836379736857455	
87	9	NaN	NaN	0.0	NaN	NaN	NaN	NaN	0.0	NaN	
87	16	3.668932925000715	41.4	0.6470968789653891	1537192.8345121788	918.3309327288807	407.3594874241628	0.47028099226581566	36.68932925000715	0.48956720958198746	
88	9	NaN	NaN	0.0	NaN	NaN	NaN	NaN	0.0	NaN	
88	16	3.6971007353702747	43.2	0.651108494995065	1547171.2770590778	934.5657211388183	416.98606251677313	0.47216097546823194	36.971007353702745	0.48849115232037826	
89	9	NaN	NaN	0.0	NaN	NaN	NaN	NaN	0.0	NaN	
89	16	3.7220125562325976	41.3	0.652826500833278	1534570.808543782	950.838374606252	426.49223847263954	0.47410561114869465	37.220125562325975	0.48149708015036013	
90	9	NaN	NaN	0.0	NaN	NaN	NaN	NaN	0.0	NaN	
90	16	3.7433340918554867	43.2	0.6545476237167586	1533579.6956022594	966.9336787304799	435.81770577709096	0.4758863567610642	37.43334091855487	0.4821193424571546	
91	9	NaN	NaN	0.0	NaN	NaN	NaN	NaN	0.0	NaN	
91	16	3.7641484913761922	44.1	0.6558135492273682	1555409.9972646344	983.3993231519908	445.09467003879826	0.4776513341389806	37.64148491376192	0.4822407472293079	
92	9	NaN	NaN	0.0	NaN	NaN	NaN	NaN	0.0	NaN	
92	16	3.7930044684997712	45.8	0.6582117226431657	1539331.0656703967	1000.0074154080482	454.2459144420956	0.47929714526931544	37.93004468499771	0.4835615111415911	
93	9	NaN	NaN	0.0	NaN	NaN	NaN	NaN	0.0	NaN	
93	16	3.8053965242696774	46.3	0.6589431814429424	1521785.4289544516	1015.3701341315442	463.4021730491542	0.4814308984486902	38.053965242696776	0.47852621789364497	
94	9	NaN	NaN	0.0	NaN	NaN	NaN	NaN	0.0	NaN	
94	16	3.8135895576169005	46.8	0.659990119509508	1522523.0995632072	1030.4473001567071	472.41398420871275	0.48338012505515415	38.135895576169005	0.47994093233078333	
95	9	NaN	NaN	0.0	NaN	NaN	NaN	NaN	0.0	NaN	
95	16	3.8028823794505398	45.8	0.6610953695204778	1529875.0269774892	1044.4394164711764	481.40392755232944	0.4857491085240431	38.0288237945054	0.47913419722429873	
96	9	NaN	NaN	0.0	NaN	NaN	NaN	NaN	0.0	NaN	
96	16	3.826578813071753	47.9	0.66418616710407	1545668.955062234	1060.4592951006962	490.5469011108077	0.48721592708304284	38.26578813071753	0.4796097246097711	
97	9	NaN	NaN	0.0	NaN	NaN	NaN	NaN	0.0	NaN	
97	16	3.8325598877941687	48.9	0.6664392926101678	1541717.2637081088	1075.2968807721597	499.7936402836505	0.4892947387472659	38.32559887794169	0.481099096150033	
98	9	NaN	NaN	0.0	NaN	NaN	NaN	NaN	0.0	NaN	
98	16	3.8727785405885355	52.4	0.6677927728710777	1514750.8679529135	1091.579975276404	508.8025656671959	0.4902975205110342	38.727785405885356	0.4728581816416544	
99	9	NaN	NaN	0.0	NaN	NaN	NaN	NaN	0.0	NaN	
99	16	3.8434420631019286	58.7	0.6680225485866599	1481329.3943837623	1103.438764116001	517.4056792430309	0.4928294345038101	38.434420631019286	0.4726302127542093	
100	9	NaN	NaN	0.0	NaN	NaN	NaN	NaN	0.0	NaN	
100	16	3.847623255415472	52.2	0.6706220061652195	1475518.4187556582	1117.1127463416678	525.8871196030639	0.49434968024104636	38.47623255415472	0.4744631936689968	
1	9	NaN	NaN	0.0	NaN	NaN	NaN	NaN	0.0	NaN	
1	16	0.0	10.0	0.0	0.0	3.0	0.0	NaN	0.0	1.200000000000002	
2	9	NaN	NaN	0.0	NaN	NaN	NaN	NaN	0.0	NaN	
2	16	0.0	10.0	0.0	0.0	2.9438614596153565	0.0	NaN	0.0	1.200000000000002	
3	9	NaN	NaN	0.0	NaN	NaN	NaN	NaN	0.0	NaN	
3	16	0.013604567795433722	10.0	0.0	0.0	1.9399859246538689	0.0	0.0	0.13604567795433722	1.200000000000002	
4	9	NaN	NaN	0.0	NaN	NaN	NaN	NaN	0.0	NaN	
4	16	0.015124568672248756	10.0	0.0028914394483434023	11769.877019989017	2.1324288141499017	0.0	0.0	0.15124568672248756	0.40729157369492347	
5	9	NaN	NaN	0.0	NaN	NaN	NaN	NaN	0.0	NaN	
5	16	0.016376730607258604	10.0	0.0036552308936584205	8955.011263649412	2.2742726847923715	0.0	0.0	0.16376730607258602	0.45714005506639105	
6	9	NaN	NaN	0.0	NaN	NaN	NaN	NaN	0.0	NaN	
6	16	0.01781447704400274	10.0	0.004556132808797335	10448.311128834383	2.441055029499231	0.0	0.0	0.1781447704400274	0.5068477323367352	
7	9	NaN	NaN	0.0	NaN	NaN	NaN	NaN	0.0	NaN	
7	16	0.019652093948019776	10.0	0.005289938714058994	12094.149224056986	2.635533464016952	0.0	0.0	0.19652093948019775	0.34046519215399174	
8	9	NaN	NaN	0.0	NaN	NaN	NaN	NaN	0.0	NaN	
8	16	0.022264188360469537	10.0	0.00660780113221013	14195.423576438978	2.8651883270104244	0.0	0.0	0.22264188360469536	0.4133091424711569	
9	9	NaN	NaN	0.0	NaN	NaN	NaN	NaN	0.0	NaN	
9	16	0.025768080930872184	11.1	0.008199932061465543	17343.03483817175	3.148153596631254	0.0	0.0	0.25768080930872184	0.4625944367437633	
10	9	NaN	NaN	0.0	NaN	NaN	NaN	NaN	0.0	NaN	
10	16	0.02983074432042066	10.8	0.009825336003988374	20940.13825886857	3.4919041185887645	0.0	0.0	0.2983074432042066	0.35450459901667825	
11	9	NaN	NaN	0.0	NaN	NaN	NaN	NaN	0.0	NaN	
11	16	0.034202200927325246	11.6	0.01164785711320267	24503.498526612766	3.8603975554392838	0.0	0.0	0.3420220092732525	0.3784244988642709	
12	9	NaN	NaN	0.0	NaN	NaN	NaN	NaN	0.0	NaN	
12	16	0.03981443505977902	12.2	0.013626259910966117	29425.885610586305	4.322925089913207	0.0	0.0	0.3981443505977902	0.42231620650896123	
13	9	NaN	NaN	0.0	NaN	NaN	NaN	NaN	0.0	NaN	
13	16	0.04531834165864813	12.5	0.01577363591549929	34860.63278643077	4.853744396568432	0.0	0.0	0.45318341658648126	0.3458715220273368	
14	9	NaN	NaN	0.0	NaN	NaN	NaN	NaN	0.0	NaN	
14	16	0.05250168022881624	12.2	0.01803274333805084	40040.079084531106	5.513482539401591	0.0	0.0	0.5250168022881624	0.36735786005906945	
15	9	NaN	NaN	0.0	NaN	NaN	NaN	NaN	0.0	NaN	
15	16	0.06136939491362856	11.9	0.0207508567194617	46352.83494649266	6.277282099338349	0.0	0.0	0.6136939491362856	0.3962731340800144	
16	9	NaN	NaN	0.0	NaN	NaN	NaN	NaN	0.0	NaN	
16	16	0.07210641314427306	12.9	0.02401448675955486	54429.40218383584	7.178446352026343	0.0	0.0	0.7210641314427306	0.4198473373411618	
17	9	NaN	NaN	0.0	NaN	NaN	NaN	NaN	0.0	NaN	
17	16	0.08322794501396988	12.9	0.027919245848602746	63378.305061606436	8.229623509574793	0.0	0.0	0.8322794501396987	0.3875039392237249	
18	9	NaN	NaN	0.0	NaN	NaN	NaN	NaN	0.0	NaN	
18	16	0.09576428093482661	12.4	0.03223553965462104	72343.39233592825	9.417740761851231	0.0	0.0	0.9576428093482662	0.4107228607115654	
19	9	NaN	NaN	0.0	NaN	NaN	NaN	NaN	0.0	NaN	
19	16	0.11079587672862708	13.2	0.037282151443909846	84143.14604917084	10.814632755500226	0.0	0.0	1.1079587672862707	0.43462767908393896	
20	9	NaN	NaN	0.0	NaN	NaN	NaN	NaN	0.0	NaN	
20	16	0.12822835554700812	14.6	0.04283581684222384	97066.94331307549	12.433604243893086	0.0	0.0	1.282283555470081	0.4059535591759121	
21	9	NaN	NaN	0.0	NaN	NaN	NaN	NaN	0.0	NaN	
21	16	0.1468022551020603	13.6	0.05000092431403777	112970.6661769154	14.311311774301933	0.0	0.0	1.4680225510206029	0.4393798963091472	
22	9	NaN	NaN	0.0	NaN	NaN	NaN	NaN	0.0	NaN	
22	16	0.16923255907061407	14.7	0.057422797995352416	130190.18607648346	16.477113430937226	0.0	0.0	1.6923255907061407	0.4693930205222862	
23	9	NaN	NaN	0.0	NaN	NaN	NaN	NaN	0.0	NaN	
23	16	0.19590032846542318	13.1	0.06708850721511173	150713.95597229814	18.99292309016746	0.0	0.0	1.9590032846542318	0.4992330269727153	
24	9	NaN	NaN	0.0	NaN	NaN	NaN	NaN	0.0	NaN	
24	16	0.22656127262743242	15.4	0.0774248121764821	174824.7913322809	21.911998992992086	0.0	0.0	2.265612726274324	0.489014131935797	
25	9	NaN	NaN	0.0	NaN	NaN	NaN	NaN	0.0	NaN	
25	16	0.2584785907768795	14.1	0.09002795310924362	201754.22901498707	25.28074883959547	0.0	0.0	2.584785907768795	0.5143024992079964	
26	9	NaN	NaN	0.0	NaN	NaN	NaN	NaN	0.0	NaN	
26	16	0.29549171621778775	14.8	0.10401146813212409	230868.7807211598	29.123261987690732	0.0	0.0	2.9549171621778774	0.539848287058255	
27	9	NaN	NaN	0.0	NaN	NaN	NaN	NaN	0.0	NaN	
27	16	0.33833805474109635	15.5	0.11961987843068961	264893.4680570949	33.550593102228575	0.0	0.0	3.3833805474109635	0.5252921495487415	
28	9	NaN	NaN	0.0	NaN	NaN	NaN	NaN	0.0	NaN	
28	16	0.3849621591618994	15.7	0.1386757286925426	301309.8194425748	38.63332844281042	0.0	0.0	3.849621591618994	0.5489190080757329	
29	9	NaN	NaN	0.0	NaN	NaN	NaN	NaN	0.0	NaN	
29	16	0.4351175462592337	15.2	0.16030201700120597	344384.2157653915	44.42436262243482	0.0	0.0	4.351175462592337	0.566462436228933	
30	9	NaN	NaN	0.0	NaN	NaN	NaN	NaN	0.0	NaN	
30	16	0.4906221195445618	16.5	0.18190933280022387	390524.67151605384	51.11001136264643	0.0	0.0	4.906221195445618	0.5852489192718522	
31	9	NaN	NaN	0.0	NaN	NaN	NaN	NaN	0.0	NaN	
31	16	0.5497660966639929	15.3	0.20456338005069877	437418.18935478636	58.92095817017143	0.0	0.0	5.497660966639929	0.5685242835522968	
32	9	NaN	NaN	0.0	NaN	NaN	NaN	NaN	0.0	NaN	
32	16	0.6077660586983775	17.8	0.2285851123289144	489423.9416224904	67.94135470277203	0.0	0.0	6.077660586983775	0.5760964743596255	
33	9	NaN	NaN	0.0	NaN	NaN	NaN	NaN	0.0	NaN	
33	16	0.6696429700941076	19.4	0.25134064829407504	538368.9959846686	77.73643295574202	0.0	0.0	6.696429700941076	0.5863862201026528	
34	9	NaN	NaN	0.0	NaN	NaN	NaN	NaN	0.0	NaN	
34	16	0.7341560402661893	17.3	0.2721468289196844	587185.5202017298	88.57667893393759	0.0	0.0	7.341560402661893	0.5745768365425363	
35	9	NaN	NaN	0.0	NaN	NaN	NaN	NaN	0.0	NaN	
35	16	0.8009201754585744	18.1	0.2926288822196341	636052.6971387551	100.62044858249558	0.0	0.0	8.009201754585744	0.5743292410137074	
36	9	NaN	NaN	0.0	NaN	NaN	NaN	NaN	0.0	NaN	
36	16	0.8668238146128265	17.7	0.3137457128433533	681534.6022257895	113.59393370667597	0.0	0.0	8.668238146128266	0.5856990157048196	
37	9	NaN	NaN	0.0	NaN	NaN	NaN	NaN	0.0	NaN	
37	16	0.936717921618216	19.0	0.33362089029390174	730718.5824188597	127.18195713412865	0.0	0.0	9.36717921618216	0.5858688760515645	
38	9	NaN	NaN	0.0	NaN	NaN	NaN	NaN	0.0	NaN	
38	16	1.0088573565914136	21.0	0.35306489518157025	779365.5269288996	140.7471804483325	2.3021451680696687	0.02259211704909013	10.088573565914135	0.5715788693267991	
39	9	NaN	NaN	0.0	NaN	NaN	NaN	NaN	0.0	NaN	
39	16	1.079959609172398	20.1	0.37172079902001826	828894.4030080148	154.66690882526032	6.556717938682787	0.05772821411924537	10.79959609172398	0.5732116117932943	
40	9	NaN	NaN	0.0	NaN	NaN	NaN	NaN	0.0	NaN	
40	16	1.148179729367692	18.4	0.3892006468133046	892718.4035149252	169.3798942013081	12.479499838503164	0.09854009694209101	11.481797293676921	0.572664784573886	
41	9	NaN	NaN	0.0	NaN	NaN	NaN	NaN	0.0	NaN	
41	16	1.2155039646547987	19.6	0.40464093760265835	925774.9404317124	183.7164640654694	19.750438174894697	0.13960414855413075	12.155039646547987	0.5692919573935975	
42	9	NaN	NaN	0.0	NaN	NaN	NaN	NaN	0.0	NaN	
42	16	1.2856787427839589	19.9	0.4167458742404473	951595.6403061103	198.09779449549814	28.195265620897924	0.17897920405246845	12.856787427839588	0.554710605746232	
43	9	NaN	NaN	0.0	NaN	NaN	NaN	NaN	0.0	NaN	
43	16	1.350421260874897	20.2	0.42983504833425057	970019.0641633015	212.4196717030709	37.476710677555545	0.21578589335861054	13.504212608748968	0.5548283794254263	
44	9	NaN	NaN	0.0	NaN	NaN	NaN	NaN	0.0	NaN	
44	16	1.4060357706791067	21.6	0.4408390567272964	983505.0768165046	226.56618309556242	47.2181807333065	0.24883938269418565	14.060357706791066	0.554031812174827	
45	9	NaN	NaN	0.0	NaN	NaN	NaN	NaN	0.0	NaN	
45	16	1.4667276352609808	21.4	0.45065784457746405	993762.2092925953	240.93334891002647	57.20891221716992	0.2766463695575014	14.667276352609809	0.5405903587598968	
46	9	NaN	NaN	0.0	NaN	NaN	NaN	NaN	0.0	NaN	
46	16	1.5263935259572154	22.1	0.4593258311177532	1006708.3842616864	255.4499819860288	67.2631746616982	0.3006576477909024	15.263935259572154	0.5393767502032051	
47	9	NaN	NaN	0.0	NaN	NaN	NaN	NaN	0.0	NaN	
47	16	1.5832748436558186	22.6	0.46493957652567003	1046984.3200115975	270.78261379124825	77.50204362381722	0.32271272355917313	15.832748436558186	0.5395213758295959	
48	9	NaN	NaN	0.0	NaN	NaN	NaN	NaN	0.0	NaN	
48	16	1.6363359850234045	21.7	0.470993796092742	1059908.293370647	286.2363480958962	87.71137677069014	0.3422815380545262	16.363359850234044	0.5382081581346219	
49	9	NaN	NaN	0.0	NaN	NaN	NaN	NaN	0.0	NaN	
49	16	1.6922385916465061	22.8	0.4768895141693344	1065623.9629711509	301.9466892930436	97.54248121311294	0.3579141588221125	16.92238591646506	0.5274440758568513	
50	9	NaN	NaN	0.0	NaN	NaN	NaN	NaN	0.0	NaN	
50	16	1.7445846211509342	21.4	0.48301704770985576	1078934.7298509702	317.4870274730264	107.12633482295686	0.3713895647984999	17.44584621150934	0.5298036999388968	
51	9	NaN	NaN	0.0	NaN	NaN	NaN	NaN	0.0	NaN	
51	16	1.8008661019879184	22.8	0.48950194840894284	1098097.5083590706	333.51888988161284	116.55071779285261	0.38318664430417604	18.008661019879185	0.5321517454643088	
52	9	NaN	NaN	0.0	NaN	NaN	NaN	NaN	0.0	NaN	
52	16	1.8652964256159277	22.7	0.4953577446514583	1118376.8556631159	350.2482102038241	125.49139533419509	0.39200976715443897	18.652964256159276	0.5306319494396805	
53	9	NaN	NaN	0.0	NaN	NaN	NaN	NaN	0.0	NaN	
53	16	1.9281621883407343	24.2	0.5011369039189889	1155832.289338689	367.42770054535424	133.68859045158592	0.39793123334144387	19.281621883407343	0.5215710849590974	
54	9	NaN	NaN	0.0	NaN	NaN	NaN	NaN	0.0	NaN	
54	16	1.9887526431619214	24.9	0.5081370100819667	1174933.692395925	384.7116008742487	140.878350786809	0.4014001534631017	19.887526431619214	0.5245374683877057	
55	9	NaN	NaN	0.0	NaN	NaN	NaN	NaN	0.0	NaN	
55	16	2.0582250438288234	24.0	0.5155828067180875	1205741.063965344	402.9669528228499	147.79238721337904	0.4039134488090702	20.582250438288234	0.5252223724973464	
56	9	NaN	NaN	0.0	NaN	NaN	NaN	NaN	0.0	NaN	
56	16	2.122710481639442	27.1	0.5231032626272952	1227526.424997453	421.27424360827047	154.86496971209255	0.406863427074284	21.227104816394423	0.523429950745655	
57	9	NaN	NaN	0.0	NaN	NaN	NaN	NaN	0.0	NaN	
57	16	2.192950768932074	24.1	0.5303127745058983	1237275.4531525671	440.0940647427956	162.18648853583915	0.409841371045208	21.92950768932074	0.5145879968222357	
58	9	NaN	NaN	0.0	NaN	NaN	NaN	NaN	0.0	NaN	
58	16	2.2645301704057177	24.4	0.5366788557216048	1254972.9585246292	458.96525540406185	169.54101115209306	0.41226394375098846	22.64530170405718	0.514102920699691	
59	9	NaN	NaN	0.0	NaN	NaN	NaN	NaN	0.0	NaN	
59	16	2.3176801851360453	25.3	0.5425290122720161	1288978.3938143954	477.271822246989	176.99754629857557	0.4156831096043627	23.176801851360455	0.5140169411343654	
60	9	NaN	NaN	0.0	NaN	NaN	NaN	NaN	0.0	NaN	
60	16	2.3800378093460197	28.9	0.549377729545058	1310748.6633458096	496.25265436211237	184.5343444323404	0.41821233962234533	23.800378093460196	0.513340079218599	
61	9	NaN	NaN	0.0	NaN	NaN	NaN	NaN	0.0	NaN	
61	16	2.4311576595878623	25.6	0.553568319102317	1321650.392558725	514.6602947938975	192.2568046952697	0.4211681502253596	24.311576595878623	0.505132075112055	
62	9	NaN	NaN	0.0	NaN	NaN	NaN	NaN	0.0	NaN	
62	16	2.511634224410904	27.9	0.5589805470175577	1334797.3188259706	534.3276537285876	199.95860966618423	0.421790110898989	25.116342244109042	0.5053352390649508	
63	9	NaN	NaN	0.0	NaN	NaN	NaN	NaN	0.0	NaN	
63	16	2.580270371641533	26.6	0.5653930340249981	1334358.055243244	552.8224298561042	207.697413116727	0.4229612159686245	25.80270371641533	0.5037711707826564	
64	9	NaN	NaN	0.0	NaN	NaN	NaN	NaN	0.0	NaN	
64	16	2.633369971765494	28.8	0.5696434087248508	1337637.5968276532	570.1992195945725	215.61863156620842	0.42530406892599676	26.333699717654937	0.5045965780662542	
65	9	NaN	NaN	0.0	NaN	NaN	NaN	NaN	0.0	NaN	
65	16	2.6925912599295616	28.6	0.5746365799677133	1324247.0537724714	587.4352627760081	223.74249269899192	0.4276547869878667	26.925912599295618	0.49506056192342435	
66	9	NaN	NaN	0.0	NaN	NaN	NaN	NaN	0.0	NaN	
66	16	2.7660683394121497	30.4	0.5795982788351917	1343071.4027205647	605.6450159804278	232.05255470041294	0.42947580855551976	27.6606833941215	0.49393389680209654	
67	9	NaN	NaN	0.0	NaN	NaN	NaN	NaN	0.0	NaN	
67	16	2.824970944113404	31.2	0.5840505707370998	1351825.6378194762	622.7850214239322	240.33181864497828	0.43157490904075674	28.24970944113404	0.494472572258436	
68	9	NaN	NaN	0.0	NaN	NaN	NaN	NaN	0.0	NaN	
68	16	2.8768722158547027	31.0	0.588547509304643	1380904.480695617	640.0677975194777	248.835843403292	0.43419972608325325	28.768722158547025	0.4893977725191854	
69	9	NaN	NaN	0.0	NaN	NaN	NaN	NaN	0.0	NaN	
69	16	2.927873654425923	30.8	0.5932563527360961	1398321.455732674	657.4631325497055	257.5513282144777	0.43693017797266187	29.278736544259232	0.49039410573524284	
70	9	NaN	NaN	0.0	NaN	NaN	NaN	NaN	0.0	NaN	
70	16	2.9815128582462527	31.6	0.5972498013554889	1409095.759457583	675.20323595474	266.38205695057115	0.43949414425474914	29.815128582462528	0.4896245327777388	
71	9	NaN	NaN	0.0	NaN	NaN	NaN	NaN	0.0	NaN	
71	16	3.0155764894008215	28.2	0.600947302947535	1417714.290558767	691.8618494618198	275.399742974611	0.44292962800836866	30.155764894008215	0.48905970789007747	
72	9	NaN	NaN	0.0	NaN	NaN	NaN	NaN	0.0	NaN	
72	16	3.0626448858916056	33.2	0.6047952383235873	1404096.1699065657	708.69217577484	284.2410754940414	0.4453400333192117	30.626448858916056	0.4898655533055226	
73	9	NaN	NaN	0.0	NaN	NaN	NaN	NaN	0.0	NaN	
73	16	3.119648691579518	35.2	0.6075679088122063	1392324.493580354	725.6375951541042	293.04601083223895	0.44721319938931586	31.19648691579518	0.4832438142855098	
74	9	NaN	NaN	0.0	NaN	NaN	NaN	NaN	0.0	NaN	
74	16	3.1364496743395365	34.1	0.61148395613935	1382340.5453329645	740.0078214518587	301.850171824883	0.45053043682151217	31.364496743395364	0.4831753009185811	
75	9	NaN	NaN	0.0	NaN	NaN	NaN	NaN	0.0	NaN	
75	16	3.16020675740613	35.6	0.6134253020051237	1380695.905518104	754.4742134268971	310.4197195352952	0.45282212533852517	31.602067574061298	0.48181457516931153	
76	9	NaN	NaN	0.0	NaN	NaN	NaN	NaN	0.0	NaN	
76	16	3.1937987185929257	33.4	0.6172897340140929	1434409.659040905	770.6794992599147	319.01762589994524	0.4544943826961109	31.93798718592926	0.4820695084049008	
77	9	NaN	NaN	0.0	NaN	NaN	NaN	NaN	0.0	NaN	
77	16	3.228448581915111	36.7	0.6196983035637321	1430386.1793399304	786.8382040890586	327.64942304239435	0.4562343436050567	32.28448581915111	0.47580600186363836	
78	9	NaN	NaN	0.0	NaN	NaN	NaN	NaN	0.0	NaN	
78	16	3.279615519490652	36.9	0.6242481098074136	1475052.7944983777	804.6472217825694	336.5797369245152	0.4577090524206199	32.79615519490652	0.47612571517661295	
79	9	NaN	NaN	0.0	NaN	NaN	NaN	NaN	0.0	NaN	
79	16	3.332946951782671	37.2	0.6290230211431111	1482932.9661682649	822.717167427111	345.620576507774	0.45933583074348544	33.32946951782671	0.47688250372155566	
80	9	NaN	NaN	0.0	NaN	NaN	NaN	NaN	0.0	NaN	
80	16	3.376527197186288	40.3	0.6318374085993493	1460227.1426354847	839.7213310331288	354.6298349619993	0.4613198366259478	33.76527197186288	0.4766211922265144	
81	9	NaN	NaN	0.0	NaN	NaN	NaN	NaN	0.0	NaN	
81	16	3.4123243739073614	40.7	0.6326853638859848	1470201.1068160017	856.0783839477281	363.7086592905664	0.463345615133797	34.123243739073615	0.4717500763748521	
82	9	NaN	NaN	0.0	NaN	NaN	NaN	NaN	0.0	NaN	
82	16	3.4572214910696184	39.7	0.635529904546234	1467335.3983367379	872.6421509179138	372.78222054083585	0.46494020681463216	34.57221491069618	0.4711518960311759	
83	9	NaN	NaN	0.0	NaN	NaN	NaN	NaN	0.0	NaN	
83	16	3.484289967605508	41.1	0.6383739385081785	1492287.8501253375	888.6121499439174	381.92433457076766	0.46690219686172557	34.84289967605508	0.47274104003116124	
84	9	NaN	NaN	0.0	NaN	NaN	NaN	NaN	0.0	NaN	
84	16	3.5385298246782924	42.2	0.6408757890490695	1543588.6547042408	906.7514100062812	391.4194581469057	0.4680446589069288	35.385298246782924	0.4735468602939525	
85	9	NaN	NaN	0.0	NaN	NaN	NaN	NaN	0.0	NaN	
85	16	3.5575687889139695	43.6	0.6426133572190561	1522217.9066903049	922.4597176058614	400.74913388024083	0.4700059925818312	35.575687889139694	0.4678074603046076	
86	9	NaN	NaN	0.0	NaN	NaN	NaN	NaN	0.0	NaN	
86	16	3.581575995876258	41.2	0.645314147197912	1524515.4086518744	938.3709845633608	410.00933540239805	0.4717112619690361	35.81575995876258	0.46863121840220806	
87	9	NaN	NaN	0.0	NaN	NaN	NaN	NaN	0.0	NaN	
87	16	3.643806129257377	42.6	0.6488207993517131	1522212.1571047432	956.1860744160958	419.33675931221734	0.4723686159617307	36.43806129257377	0.469928128525601	
88	9	NaN	NaN	0.0	NaN	NaN	NaN	NaN	0.0	NaN	
88	16	3.668611806210148	42.2	0.6508801672356974	1530944.4758950553	971.9692759447707	428.9080183670929	0.47440243217408834	36.68611806210148	0.46998924806204373	
89	9	NaN	NaN	0.0	NaN	NaN	NaN	NaN	0.0	NaN	
89	16	3.7124949778053713	41.3	0.6532004792325222	1527222.4536366141	988.7737617911786	438.58487808855915	0.4759198747410942	37.12494977805371	0.46363350696163486	
90	9	NaN	NaN	0.0	NaN	NaN	NaN	NaN	0.0	NaN	
90	16	3.7361503153711757	42.4	0.6547657732789267	1525464.0600321274	1004.3859662629089	448.115538050117	0.47776552549803447	37.36150315371176	0.4643748505763676	
91	9	NaN	NaN	0.0	NaN	NaN	NaN	NaN	0.0	NaN	
91	16	3.748702356455241	43.9	0.6575079007975513	1516561.3651228608	1019.1133312902997	457.52026191802526	0.4798328469404635	37.48702356455241	0.4655667663801117	
92	9	NaN	NaN	0.0	NaN	NaN	NaN	NaN	0.0	NaN	
92	16	3.7637765097416476	48.2	0.6600364109436412	1518555.9435651104	1034.1065313485276	466.9060814600527	0.48186598358568555	37.63776509741648	0.46687207898303024	
93	9	NaN	NaN	0.0	NaN	NaN	NaN	NaN	0.0	NaN	
93	16	3.76423646842292	45.9	0.6597261340043157	1508948.6624196772	1048.0802224406111	476.28249282210453	0.48424584520573183	37.6423646842292	0.46162501841022624	
94	9	NaN	NaN	0.0	NaN	NaN	NaN	NaN	0.0	NaN	
94	16	3.766206998446267	49.0	0.6602198431498945	1499550.607644588	1062.0340050730763	485.3225731378253	0.48627721872483076	37.66206998446267	0.46266118290586805	
95	9	NaN	NaN	0.0	NaN	NaN	NaN	NaN	0.0	NaN	
95	16	3.7855483274228106	46.6	0.6631493812407933	1509763.5086932601	1076.9997519740364	494.28683058521653	0.48770870748412	37.855483274228106	0.4627299894944874	
96	9	NaN	NaN	0.0	NaN	NaN	NaN	NaN	0.0	NaN	
96	16	3.804719714995921	44.7	0.6652887344957771	1534550.1554286247	1092.0712626606608	503.4669656797155	0.4892338931148091	38.04719714995921	0.46423363369318515	
97	9	NaN	NaN	0.0	NaN	NaN	NaN	NaN	0.0	NaN	
97	16	3.8378343840431475	50.6	0.6685105603810388	1546281.0092980503	1107.8736003205825	512.8833843398288	0.4905495679434899	38.37834384043148	0.4637377085501138	
98	9	NaN	NaN	0.0	NaN	NaN	NaN	NaN	0.0	NaN	
98	16	3.8592233130010696	51.2	0.6686977960482938	1523887.5067402471	1122.6902763113753	522.1620753584284	0.4920959869790462	38.5922331300107	0.45541111943749774	
99	9	NaN	NaN	0.0	NaN	NaN	NaN	NaN	0.0	NaN	
99	16	3.852725365066596	52.7	0.6702818695376924	1498492.9863492083	1135.8289041305652	530.9093650893899	0.4940437965798621	38.52725365066596	0.45582478419873373	
100	9	NaN	NaN	0.0	NaN	NaN	NaN	NaN	0.0	NaN	
100	16	3.867420657254693	48.3	0.6731189669070997	1481152.7594859647	1149.8356634231145	539.4813054151954	0.4953043667998911	38.67420657254693	0.4593499717184175	
