time(d)	species	LAI	nrShoots	fAbs	assCO2(umol/m2)	biomAbove(gr/m2)	yield(gr/m2)	harvestIndex	leafArea	fieldRFR	
1	9	NaN	NaN	0.0	NaN	NaN	NaN	NaN	0.0	NaN	
1	16	0.0	10.0	0.0	0.0	3.0	0.0	NaN	0.0	1.200000000000002	
2	9	NaN	NaN	0.0	NaN	NaN	NaN	NaN	0.0	NaN	
2	16	0.0	10.0	0.0	0.0	2.9438614596153565	0.0	NaN	0.0	1.200000000000002	
3	9	NaN	NaN	0.0	NaN	NaN	NaN	NaN	0.0	NaN	
3	16	0.008483459668955867	10.0	0.0	0.0	1.9399859246538689	0.0	0.0	0.08483459668955867	1.200000000000002	
4	9	NaN	NaN	0.0	NaN	NaN	NaN	NaN	0.0	NaN	
4	16	0.008959002725490462	10.0	0.001579799403827347	6071.303038543385	2.034695363699428	0.0	0.0	0.08959002725490461	0.25267212075878837	
5	9	NaN	NaN	0.0	NaN	NaN	NaN	NaN	0.0	NaN	
5	16	0.009352219889635055	10.0	0.0019089556589613958	4592.071710172257	2.102603569403132	0.0	0.0	0.09352219889635055	0.28516988767399004	
6	9	NaN	NaN	0.0	NaN	NaN	NaN	NaN	0.0	NaN	
6	16	0.009787573758946018	10.0	0.002309323648010275	5223.5147321688655	2.1800167034600335	0.0	0.0	0.09787573758946018	0.3164904596528729	
7	9	NaN	NaN	0.0	NaN	NaN	NaN	NaN	0.0	NaN	
7	16	0.01032177286525594	10.0	0.002525295449953057	5591.5319183836355	2.2639882893724907	0.0	0.0	0.1032177286525594	0.1728075924561206	
8	9	NaN	NaN	0.0	NaN	NaN	NaN	NaN	0.0	NaN	
8	16	0.011175707756921465	10.0	0.003162538003546545	6799.415356692419	2.3673776589206774	0.0	0.0	0.11175707756921464	0.2333253763868354	
9	9	NaN	NaN	0.0	NaN	NaN	NaN	NaN	0.0	NaN	
9	16	0.012319567372762222	11.2	0.0038088390513827852	7891.444333544794	2.48910479615389	0.0	0.0	0.12319567372762222	0.2891117010729108	
10	9	NaN	NaN	0.0	NaN	NaN	NaN	NaN	0.0	NaN	
10	16	0.013548926929432733	11.6	0.004295555197226028	8972.154965633374	2.628856221721903	0.0	0.0	0.13548926929432734	0.19572964046674104	
11	9	NaN	NaN	0.0	NaN	NaN	NaN	NaN	0.0	NaN	
11	16	0.013907542891122773	10.9	0.004912905708193299	9995.001529834284	2.727940816286771	0.0	0.0	0.13907542891122773	0.21350218753304312	
12	9	NaN	NaN	0.0	NaN	NaN	NaN	NaN	0.0	NaN	
12	16	0.015397126162387951	12.6	0.005467725244593406	11573.278522138902	2.897391013336409	0.0	0.0	0.1539712616238795	0.23123022156584674	
13	9	NaN	NaN	0.0	NaN	NaN	NaN	NaN	0.0	NaN	
13	16	0.016988991854750363	12.0	0.006239671599293763	13026.62718406304	3.0997442519453307	0.0	0.0	0.16988991854750363	0.18667300034604306	
14	9	NaN	NaN	0.0	NaN	NaN	NaN	NaN	0.0	NaN	
14	16	0.018653211559031845	11.8	0.006845575724810982	14573.007738208398	3.3227584561040944	0.0	0.0	0.18653211559031843	0.19622977334916014	
15	9	NaN	NaN	0.0	NaN	NaN	NaN	NaN	0.0	NaN	
15	16	0.02065285581638176	11.4	0.007374381251852462	16200.546492229108	3.5681697860976223	0.0	0.0	0.2065285581638176	0.20902246867029678	
16	9	NaN	NaN	0.0	NaN	NaN	NaN	NaN	0.0	NaN	
16	16	0.023281474179813983	13.4	0.008363521100165597	18181.333297789297	3.8570952888602816	0.0	0.0	0.23281474179813982	0.22477667739816456	
17	9	NaN	NaN	0.0	NaN	NaN	NaN	NaN	0.0	NaN	
17	16	0.025828141615693596	13.7	0.009240720711642066	20088.116490419987	4.181865479398127	0.0	0.0	0.25828141615693595	0.18958813024694066	
18	9	NaN	NaN	0.0	NaN	NaN	NaN	NaN	0.0	NaN	
18	16	0.028328103903308505	12.8	0.01024867235499066	21995.183934137596	4.520423007827484	0.0	0.0	0.28328103903308505	0.20386798960406413	
19	9	NaN	NaN	0.0	NaN	NaN	NaN	NaN	0.0	NaN	
19	16	0.03153463200007488	15.0	0.011302490604679544	25066.794394038418	4.923186365423607	0.0	0.0	0.31534632000074875	0.21705392084877212	
20	9	NaN	NaN	0.0	NaN	NaN	NaN	NaN	0.0	NaN	
20	16	0.0351540016429945	13.7	0.012042648817976018	27420.447379557278	5.368566447509766	0.0	0.0	0.35154001642994503	0.19106136669836501	
21	9	NaN	NaN	0.0	NaN	NaN	NaN	NaN	0.0	NaN	
21	16	0.038517095701102455	14.3	0.013626329799132865	30159.541756536335	5.849625631799045	0.0	0.0	0.38517095701102455	0.21333822372330535	
22	9	NaN	NaN	0.0	NaN	NaN	NaN	NaN	0.0	NaN	
22	16	0.04264515523236999	14.4	0.014713799437247313	33404.61593486271	6.3894164611224005	0.0	0.0	0.42645155232369986	0.21928969111872942	
23	9	NaN	NaN	0.0	NaN	NaN	NaN	NaN	0.0	NaN	
23	16	0.0474626871720914	15.1	0.01645095686563208	37300.522041882854	6.994362432151408	0.0	0.0	0.474626871720914	0.2438298781058134	
24	9	NaN	NaN	0.0	NaN	NaN	NaN	NaN	0.0	NaN	
24	16	0.05290498649391913	14.1	0.018191677314133133	41956.28319835627	7.6779903957028	0.0	0.0	0.5290498649391913	0.21992514624103593	
25	9	NaN	NaN	0.0	NaN	NaN	NaN	NaN	0.0	NaN	
25	16	0.0580873151584107	15.1	0.02072056030782944	46390.22855861762	8.434926539103742	0.0	0.0	0.580873151584107	0.2392197741932919	
26	9	NaN	NaN	0.0	NaN	NaN	NaN	NaN	0.0	NaN	
26	16	0.06391193501710353	17.1	0.022833815161222012	51269.56703907416	9.264313480405251	0.0	0.0	0.6391193501710353	0.2568786356377281	
27	9	NaN	NaN	0.0	NaN	NaN	NaN	NaN	0.0	NaN	
27	16	0.07062633563671371	16.5	0.025456276725610873	56993.55693724549	10.193700210212693	0.0	0.0	0.7062633563671371	0.2450375776043058	
28	9	NaN	NaN	0.0	NaN	NaN	NaN	NaN	0.0	NaN	
28	16	0.0776724026333602	16.0	0.028141426368718702	62948.89598583834	11.221729571760589	0.0	0.0	0.7767240263336019	0.26134364058488146	
29	9	NaN	NaN	0.0	NaN	NaN	NaN	NaN	0.0	NaN	
29	16	0.08467066117904204	15.5	0.03132168345699323	69942.34239206804	12.365777683397104	0.0	0.0	0.8467066117904204	0.2774543504653065	
30	9	NaN	NaN	0.0	NaN	NaN	NaN	NaN	0.0	NaN	
30	16	0.09239545612434531	17.0	0.0343235291643783	75630.00260173753	13.59428639480081	0.0	0.0	0.9239545612434531	0.29798093840377293	
31	9	NaN	NaN	0.0	NaN	NaN	NaN	NaN	0.0	NaN	
31	16	0.10154753178119132	17.4	0.037552823756304435	82430.7449534031	14.938780335291892	0.0	0.0	1.0154753178119131	0.28336225640305945	
32	9	NaN	NaN	0.0	NaN	NaN	NaN	NaN	0.0	NaN	
32	16	0.11156314602931353	16.6	0.041963556713845586	90792.16056168715	16.419819504678756	0.0	0.0	1.1156314602931352	0.3011834546800793	
33	9	NaN	NaN	0.0	NaN	NaN	NaN	NaN	0.0	NaN	
33	16	0.12177732721062903	17.7	0.045927940705788685	101049.093272196	18.071001284955702	0.0	0.0	1.2177732721062904	0.3147798323865332	
34	9	NaN	NaN	0.0	NaN	NaN	NaN	NaN	0.0	NaN	
34	16	0.13333505918364136	16.5	0.04980272436457161	108901.91093414417	19.843896973701508	0.0	0.0	1.3333505918364135	0.31031118221002846	
35	9	NaN	NaN	0.0	NaN	NaN	NaN	NaN	0.0	NaN	
35	16	0.1469965793600202	17.1	0.05508145786250888	120574.35128558893	21.807642662368675	0.0	0.0	1.469965793600202	0.32270093148900914	
36	9	NaN	NaN	0.0	NaN	NaN	NaN	NaN	0.0	NaN	
36	16	0.16164785376512097	17.3	0.060903100519922704	132913.38036825243	23.975272085842324	0.0	0.0	1.6164785376512096	0.34106667342744434	
37	9	NaN	NaN	0.0	NaN	NaN	NaN	NaN	0.0	NaN	
37	16	0.17604639468678301	17.4	0.06652531596302563	147020.38374017703	26.371757672822042	0.0	0.0	1.7604639468678303	0.3588330351158732	
38	9	NaN	NaN	0.0	NaN	NaN	NaN	NaN	0.0	NaN	
38	16	0.18933549525256818	18.1	0.07244515667739566	159364.91011431493	28.966319651973077	0.43586615001105555	0.01612812364085963	1.8933549525256819	0.3535837675085962	
39	9	NaN	NaN	0.0	NaN	NaN	NaN	NaN	0.0	NaN	
39	16	0.2026963463832431	18.8	0.07821223930858195	173332.53896679613	31.792177919437258	1.246598871119102	0.04197119936626022	2.026963463832431	0.36289191393973547	
40	9	NaN	NaN	0.0	NaN	NaN	NaN	NaN	0.0	NaN	
40	16	0.21513834956618666	18.8	0.08320565163378202	186453.3201260574	34.82493604379942	2.3412396484137705	0.0718423577065333	2.1513834956618667	0.3714232048392902	
41	9	NaN	NaN	0.0	NaN	NaN	NaN	NaN	0.0	NaN	
41	16	0.22673465463224965	19.7	0.08775311056951172	198302.52639233178	38.041916952664444	3.5748058602932793	0.10020913493381683	2.2673465463224964	0.3781971246648024	
42	9	NaN	NaN	0.0	NaN	NaN	NaN	NaN	0.0	NaN	
42	16	0.23822133760955486	18.1	0.0921872377428604	205156.9891860173	41.357640788329995	4.977847099784864	0.12808520365104964	2.3822133760955486	0.36865940615193504	
43	9	NaN	NaN	0.0	NaN	NaN	NaN	NaN	0.0	NaN	
43	16	0.24995656092345447	19.5	0.09586240012071705	211472.59895189866	44.76071677576614	6.58277812059153	0.15621490503737578	2.4995656092345446	0.3754686131325324	
44	9	NaN	NaN	0.0	NaN	NaN	NaN	NaN	0.0	NaN	
44	16	0.2610149994130181	21.8	0.09986376344819069	216302.46496787918	48.212682309989226	8.29460063443467	0.18243653975169374	2.6101499941301807	0.3851340459114239	
45	9	NaN	NaN	0.0	NaN	NaN	NaN	NaN	0.0	NaN	
45	16	0.27132890640863216	19.5	0.10308661739080405	220542.86125736375	51.708434182782035	10.00997179932691	0.20493625519123418	2.7132890640863216	0.3734288411777776	
46	9	NaN	NaN	0.0	NaN	NaN	NaN	NaN	0.0	NaN	
46	16	0.28233219317493496	21.9	0.10686307941039395	226236.2132727149	55.29123283450332	11.80303552971019	0.22563631663643516	2.8233219317493496	0.3765764029749165	
47	9	NaN	NaN	0.0	NaN	NaN	NaN	NaN	0.0	NaN	
47	16	0.2945513840141745	20.3	0.10954452371039171	238648.39274377524	59.06719103668945	13.762698493869397	0.24593961480662863	2.945513840141745	0.3796337182162351	
48	9	NaN	NaN	0.0	NaN	NaN	NaN	NaN	0.0	NaN	
48	16	0.30732268647728667	22.0	0.11371498187284174	246293.79203221627	62.959535285828984	15.779036239216651	0.2642136333281682	3.0732268647728667	0.38110266994064373	
49	9	NaN	NaN	0.0	NaN	NaN	NaN	NaN	0.0	NaN	
49	16	0.31994631891849734	21.2	0.117724541372836	252378.54394989723	66.92370251177947	17.726259709342763	0.2789055141013783	3.199463189184973	0.37134516064680495	
50	9	NaN	NaN	0.0	NaN	NaN	NaN	NaN	0.0	NaN	
50	16	0.33368643237253354	18.6	0.12084808671415974	263582.62555351557	71.05318633626463	19.673285291246692	0.29123156925193017	3.3368643237253353	0.37555430027549164	
51	9	NaN	NaN	0.0	NaN	NaN	NaN	NaN	0.0	NaN	
51	16	0.3493119811108662	19.9	0.1256943576101129	274360.03775324766	75.3375718321682	21.690079983702983	0.30256879151323274	3.493119811108662	0.3831622674249287	
52	9	NaN	NaN	0.0	NaN	NaN	NaN	NaN	0.0	NaN	
52	16	0.36649821573791463	20.8	0.13050466947057848	285977.4720235683	79.8013598721032	23.652734114209878	0.31127721023764343	3.6649821573791463	0.38999838168786377	
53	9	NaN	NaN	0.0	NaN	NaN	NaN	NaN	0.0	NaN	
53	16	0.3852123688532275	22.5	0.13531667553673496	299575.40236066486	84.48608498910113	25.44085915849438	0.3160405660060367	3.8521236885322754	0.37880741425408926	
54	9	NaN	NaN	0.0	NaN	NaN	NaN	NaN	0.0	NaN	
54	16	0.40615586531759335	20.5	0.14099724460564736	311769.04510431195	89.33864625034546	27.03219921653909	0.3174303432600682	4.061558653175934	0.3846902962249071	
55	9	NaN	NaN	0.0	NaN	NaN	NaN	NaN	0.0	NaN	
55	16	0.43084438077653325	20.8	0.14723590576538584	328113.7024737666	94.44546606651916	28.676115054204523	0.3184672518500476	4.308443807765332	0.3889299502036529	
56	9	NaN	NaN	0.0	NaN	NaN	NaN	NaN	0.0	NaN	
56	16	0.4577694154462151	21.6	0.1549172648250249	347776.68529293314	99.86859432691152	30.45692582268286	0.3198377803118312	4.577694154462151	0.3996928612407507	
57	9	NaN	NaN	0.0	NaN	NaN	NaN	NaN	0.0	NaN	
57	16	0.4861071679001955	23.1	0.16333484650955601	362556.60591198376	105.51584812010746	32.422106141201816	0.32224618392828	4.861071679001955	0.3938161551701034	
58	9	NaN	NaN	0.0	NaN	NaN	NaN	NaN	0.0	NaN	
58	16	0.5157992138536456	22.0	0.17134024131362297	388462.5519927011	111.55957112382168	34.46345735232203	0.32394531499600443	5.157992138536456	0.39689290427520846	
59	9	NaN	NaN	0.0	NaN	NaN	NaN	NaN	0.0	NaN	
59	16	0.5478019843429622	23.4	0.18173699827434525	404247.90613254777	117.82543906090045	36.60509563411892	0.3257659898587562	5.478019843429623	0.4031233504727691	
60	9	NaN	NaN	0.0	NaN	NaN	NaN	NaN	0.0	NaN	
60	16	0.580986321399082	22.1	0.19203900410602598	428688.98119456694	124.47272164506767	38.83910465789008	0.32716060319196283	5.809863213990821	0.4114966292718347	
61	9	NaN	NaN	0.0	NaN	NaN	NaN	NaN	0.0	NaN	
61	16	0.6147465497256731	22.7	0.20234808030070806	449575.37109181256	131.4564128538022	41.21511427408966	0.32869529187489094	6.147465497256731	0.4037666031388059	
62	9	NaN	NaN	0.0	NaN	NaN	NaN	NaN	0.0	NaN	
62	16	0.6475349675879676	23.9	0.21238453187598508	475231.23145599815	138.81694119314244	43.53920765264207	0.3287234033944918	6.475349675879676	0.40946580356401185	
63	9	NaN	NaN	0.0	NaN	NaN	NaN	NaN	0.0	NaN	
63	16	0.6813851770348138	20.1	0.22253890303850038	493510.55584334035	146.47045885348598	45.88677538773072	0.32822494751507725	6.813851770348138	0.4151060763551865	
64	9	NaN	NaN	0.0	NaN	NaN	NaN	NaN	0.0	NaN	
64	16	0.7172214421758194	25.7	0.23260625735717028	506145.0449569812	154.29825981695186	48.37999767043065	0.328421790274006	7.172214421758194	0.4160558694190498	
65	9	NaN	NaN	0.0	NaN	NaN	NaN	NaN	0.0	NaN	
65	16	0.7528728081851069	23.5	0.2408468289132221	519081.14959331026	162.2567980915822	51.016967438745695	0.32930795423480114	7.528728081851069	0.4106202093422311	
66	9	NaN	NaN	0.0	NaN	NaN	NaN	NaN	0.0	NaN	
66	16	0.7893388644256875	23.6	0.25150861280566783	538550.1757326858	170.53219024773753	53.81645837652989	0.3305521814470686	7.893388644256874	0.4132190151407393	
67	9	NaN	NaN	0.0	NaN	NaN	NaN	NaN	0.0	NaN	
67	16	0.8259861478132615	29.4	0.26188025058939857	565513.6954895962	179.18395719088934	56.6498251954063	0.33112087752715685	8.259861478132615	0.4183093945607404	
68	9	NaN	NaN	0.0	NaN	NaN	NaN	NaN	0.0	NaN	
68	16	0.8650884033075942	27.8	0.27156867006173385	591651.7096542483	188.2217606699689	59.7334131107026	0.3322789000949333	8.650884033075942	0.4114168037842287	
69	9	NaN	NaN	0.0	NaN	NaN	NaN	NaN	0.0	NaN	
69	16	0.9044377668264577	27.2	0.28181521845817514	618381.5650310051	197.57226862794286	63.0032066492721	0.33367411083231585	9.044377668264577	0.4137281540853177	
70	9	NaN	NaN	0.0	NaN	NaN	NaN	NaN	0.0	NaN	
70	16	0.9446885926700018	25.8	0.2919877665034067	638952.5999137518	207.27186477409253	66.35383977503986	0.3347956213899861	9.446885926700018	0.41626738716419404	
71	9	NaN	NaN	0.0	NaN	NaN	NaN	NaN	0.0	NaN	
71	16	0.9858879504071061	29.2	0.3010300005496353	652512.0374582905	217.15122757008504	69.83723790401773	0.33622903979125957	9.85887950407106	0.4183185868051973	
72	9	NaN	NaN	0.0	NaN	NaN	NaN	NaN	0.0	NaN	
72	16	1.0281662136923053	28.0	0.3102409830738507	666422.1831974845	227.23251652662557	73.25149058409103	0.3368811072005606	10.281662136923053	0.42219625011678275	
73	9	NaN	NaN	0.0	NaN	NaN	NaN	NaN	0.0	NaN	
73	16	1.0710112320979426	27.8	0.3192648852792931	675733.0704264368	237.37215835927196	76.78776169830083	0.3379240028735823	10.710112320979427	0.4122176751041916	
74	9	NaN	NaN	0.0	NaN	NaN	NaN	NaN	0.0	NaN	
74	16	1.1151153173869235	26.7	0.32833258901568935	683446.6443045185	247.624189380838	80.36756736150264	0.3389278771383029	11.151153173869234	0.4170005559550552	
75	9	NaN	NaN	0.0	NaN	NaN	NaN	NaN	0.0	NaN	
75	16	1.1583390429557734	30.5	0.3382475471462406	709674.383879362	258.2559583618916	83.79894736870224	0.3386971054229191	11.583390429557733	0.4186545553120741	
76	9	NaN	NaN	0.0	NaN	NaN	NaN	NaN	0.0	NaN	
76	16	1.20182911462537	29.7	0.3457555934652988	748036.1528967507	269.4161914213811	87.23698255582862	0.33776678413536015	12.018291146253699	0.41811207301001874	
77	9	NaN	NaN	0.0	NaN	NaN	NaN	NaN	0.0	NaN	
77	16	1.2471388016122782	27.2	0.354698654072585	764542.0020236076	280.7997980440001	90.74440633703415	0.3368645690254618	12.471388016122782	0.4106443130519362	
78	9	NaN	NaN	0.0	NaN	NaN	NaN	NaN	0.0	NaN	
78	16	1.2961396090519037	29.9	0.36229245447126873	805683.4506836109	292.7643092142442	94.61148004246613	0.33671201725238203	12.961396090519036	0.4095672585178928	
79	9	NaN	NaN	0.0	NaN	NaN	NaN	NaN	0.0	NaN	
79	16	1.3510745783191693	28.7	0.37173838083104777	828022.2823031619	305.1603601613845	98.77953650312547	0.3371682974359738	13.510745783191693	0.41377506960625665	
80	9	NaN	NaN	0.0	NaN	NaN	NaN	NaN	0.0	NaN	
80	16	1.4058752646341282	30.9	0.38081417734851275	827637.2444974214	317.4190020161976	103.10052839737543	0.33827803365281195	14.058752646341281	0.41399466841439164	
81	9	NaN	NaN	0.0	NaN	NaN	NaN	NaN	0.0	NaN	
81	16	1.4609157872921332	28.1	0.3902511295083559	852317.3828480536	329.8914540655367	107.56244760149632	0.33951661776585607	14.609157872921333	0.4114448206106451	
82	9	NaN	NaN	0.0	NaN	NaN	NaN	NaN	0.0	NaN	
82	16	1.5199795991693064	30.5	0.3995542245965559	877866.2640347661	342.80512855514235	112.15673703910038	0.3406652880046746	15.199795991693064	0.4127770100906285	
83	9	NaN	NaN	0.0	NaN	NaN	NaN	NaN	0.0	NaN	
83	16	1.5784816490698084	31.7	0.4079362523051912	924582.3719738241	356.2990459431784	116.86544312118674	0.34153213744782973	15.784816490698084	0.41448535579315177	
84	9	NaN	NaN	0.0	NaN	NaN	NaN	NaN	0.0	NaN	
84	16	1.6306303992782631	32.1	0.4173271749643547	951116.1423872731	369.7902556069905	121.7034317196546	0.34269938856908483	16.30630399278263	0.4137355283095522	
85	9	NaN	NaN	0.0	NaN	NaN	NaN	NaN	0.0	NaN	
85	16	1.6817993151343793	32.1	0.42575773638379444	967014.8847369263	383.4918279982213	126.4565200437089	0.3432268348179725	16.817993151343792	0.4085996991946731	
86	9	NaN	NaN	0.0	NaN	NaN	NaN	NaN	0.0	NaN	
86	16	1.7405727221089673	30.0	0.43450877320683245	985269.7158981835	397.7185052005017	131.23237003554897	0.34317553031672926	17.405727221089673	0.4087244950426321	
87	9	NaN	NaN	0.0	NaN	NaN	NaN	NaN	0.0	NaN	
87	16	1.7985871806118752	33.3	0.4422949804367202	1005124.7138210908	412.03369045007946	136.1645395751537	0.3434063567864396	17.98587180611875	0.4103891076690464	
88	9	NaN	NaN	0.0	NaN	NaN	NaN	NaN	0.0	NaN	
88	16	1.8620447201048882	33.3	0.45188593373664787	1030045.0202615553	426.9117747138266	141.36668250211932	0.3440328018484052	18.620447201048883	0.4101886288909743	
89	9	NaN	NaN	0.0	NaN	NaN	NaN	NaN	0.0	NaN	
89	16	1.9148284713534536	31.3	0.4605474271276464	1037855.5151102102	441.2740105240235	146.75934026799806	0.3454977575230206	19.148284713534537	0.4061696619607965	
90	9	NaN	NaN	0.0	NaN	NaN	NaN	NaN	0.0	NaN	
90	16	1.9740660932467453	31.5	0.46747341422473876	1049486.4787739918	456.151083090012	152.05598265011056	0.3460450284918052	19.740660932467453	0.40702949884377565	
91	9	NaN	NaN	0.0	NaN	NaN	NaN	NaN	0.0	NaN	
91	16	2.0299705277786506	35.4	0.475958190855493	1080817.1182422133	471.2260747042054	157.4504618995561	0.34667462398470894	20.299705277786508	0.4081113543421236	
92	9	NaN	NaN	0.0	NaN	NaN	NaN	NaN	0.0	NaN	
92	16	2.0816843365798086	33.5	0.4830061161465857	1095456.4414931494	486.3031928962202	162.92906853490265	0.3477535928467139	20.816843365798086	0.40848869429674495	
93	9	NaN	NaN	0.0	NaN	NaN	NaN	NaN	0.0	NaN	
93	16	2.1373824233693064	35.6	0.48972872287422775	1108457.1311243796	501.79011053285865	168.54032842091993	0.348766484253339	21.373824233693064	0.4038232789301708	
94	9	NaN	NaN	0.0	NaN	NaN	NaN	NaN	0.0	NaN	
94	16	2.1882285680613722	31.2	0.49519616153119694	1116931.4759046833	517.0701975499579	173.95205616464062	0.3492887811068699	21.882285680613723	0.40427848952531986	
95	9	NaN	NaN	0.0	NaN	NaN	NaN	NaN	0.0	NaN	
95	16	2.2340298462743045	36.5	0.5013200047338301	1110853.0759791695	531.8550042618696	179.1722289794616	0.3496242455272058	22.340298462743043	0.40534338059471575	
96	9	NaN	NaN	0.0	NaN	NaN	NaN	NaN	0.0	NaN	
96	16	2.2835292700491268	35.7	0.5080504232607318	1116144.0739369125	546.7082591216412	184.459291496415	0.34996646171795986	22.835292700491266	0.4047907022282549	
97	9	NaN	NaN	0.0	NaN	NaN	NaN	NaN	0.0	NaN	
97	16	2.344454625441854	36.7	0.5152320573309104	1155645.6802429273	562.5362223788111	190.1635431876887	0.3505443354116789	23.44454625441854	0.4051743008395136	
98	9	NaN	NaN	0.0	NaN	NaN	NaN	NaN	0.0	NaN	
98	16	2.3901515580332586	36.0	0.519621174913298	1146440.6734313718	577.43950642821	195.84778489218368	0.3517586007337484	23.901515580332585	0.3993357548010619	
99	9	NaN	NaN	0.0	NaN	NaN	NaN	NaN	0.0	NaN	
99	16	2.4262117426682077	37.8	0.5248772451602421	1132886.2293454746	591.6632602460666	201.25311581553467	0.35281066699049496	24.262117426682078	0.40062276124510876	
100	9	NaN	NaN	0.0	NaN	NaN	NaN	NaN	0.0	NaN	
100	16	2.4739744940637745	32.9	0.5310170699181161	1136471.3078837043	606.5444357532751	206.63074038080646	0.3533388876614235	24.739744940637745	0.4011170266886031	
1	9	NaN	NaN	0.0	NaN	NaN	NaN	NaN	0.0	NaN	
1	16	0.0	10.0	0.0	0.0	3.0	0.0	NaN	0.0	1.200000000000002	
2	9	NaN	NaN	0.0	NaN	NaN	NaN	NaN	0.0	NaN	
2	16	0.0	10.0	0.0	0.0	2.9438614596153565	0.0	NaN	0.0	1.200000000000002	
3	9	NaN	NaN	0.0	NaN	NaN	NaN	NaN	0.0	NaN	
3	16	0.008483459668955867	10.0	0.0	0.0	1.9399859246538689	0.0	0.0	0.08483459668955867	1.200000000000002	
4	9	NaN	NaN	0.0	NaN	NaN	NaN	NaN	0.0	NaN	
4	16	0.009030832217977607	10.0	0.0018418079591245259	6940.640674946908	2.0490009683064185	0.0	0.0	0.09030832217977607	0.32414777301838543	
5	9	NaN	NaN	0.0	NaN	NaN	NaN	NaN	0.0	NaN	
5	16	0.009480259387928425	10.0	0.002091396490731631	5207.409329792733	2.126616585041379	0.0	0.0	0.09480259387928425	0.36076164688813234	
6	9	NaN	NaN	0.0	NaN	NaN	NaN	NaN	0.0	NaN	
6	16	0.009960799388091048	10.0	0.002551110172847798	5690.527643895158	2.212064562134515	0.0	0.0	0.09960799388091048	0.3926943182823567	
7	9	NaN	NaN	0.0	NaN	NaN	NaN	NaN	0.0	NaN	
7	16	0.010569884144921356	10.0	0.002854325782949	6317.843046032729	2.3078075395787194	0.0	0.0	0.10569884144921356	0.20304941616846528	
8	9	NaN	NaN	0.0	NaN	NaN	NaN	NaN	0.0	NaN	
8	16	0.011471792509783297	10.0	0.0034294281306562206	7126.527022581873	2.417005252593397	0.0	0.0	0.11471792509783296	0.2427708558633783	
9	9	NaN	NaN	0.0	NaN	NaN	NaN	NaN	0.0	NaN	
9	16	0.012700765364057228	11.1	0.0041284722563668325	8431.848314222549	2.547789961849996	0.0	0.0	0.1270076536405723	0.2999770914680884	
10	9	NaN	NaN	0.0	NaN	NaN	NaN	NaN	0.0	NaN	
10	16	0.014089678472876944	11.1	0.004756196565181415	10027.947522473072	2.7056791537421905	0.0	0.0	0.14089678472876943	0.21515692106788076	
11	9	NaN	NaN	0.0	NaN	NaN	NaN	NaN	0.0	NaN	
11	16	0.015044283348391483	10.7	0.00526792613808429	10944.084684241698	2.842433660340005	0.0	0.0	0.15044283348391482	0.2405151458325897	
12	9	NaN	NaN	0.0	NaN	NaN	NaN	NaN	0.0	NaN	
12	16	0.016480222148382732	12.1	0.006002957239297101	12504.598101418527	3.016875782240506	0.0	0.0	0.16480222148382734	0.2634773217703463	
13	9	NaN	NaN	0.0	NaN	NaN	NaN	NaN	0.0	NaN	
13	16	0.018115743239426097	12.6	0.006936862418770949	13996.8399811807	3.230732979893893	0.0	0.0	0.18115743239426096	0.209131312902407	
14	9	NaN	NaN	0.0	NaN	NaN	NaN	NaN	0.0	NaN	
14	16	0.019933359749760963	11.6	0.0077548037076233135	16049.4455307678	3.4759942264549175	0.0	0.0	0.19933359749760962	0.2217444199046263	
15	9	NaN	NaN	0.0	NaN	NaN	NaN	NaN	0.0	NaN	
15	16	0.022439851378198046	12.2	0.008471068460066863	17964.82970768026	3.762790492036138	0.0	0.0	0.22439851378198047	0.23982644459375047	
16	9	NaN	NaN	0.0	NaN	NaN	NaN	NaN	0.0	NaN	
16	16	0.025461630728348346	12.8	0.009502901896566763	20280.07928707076	4.08991951823848	0.0	0.0	0.25461630728348345	0.2577880823232492	
17	9	NaN	NaN	0.0	NaN	NaN	NaN	NaN	0.0	NaN	
17	16	0.02828474504796303	12.6	0.010352126039974978	22516.47616682967	4.453259089187144	0.0	0.0	0.2828474504796303	0.20927089738170568	
18	9	NaN	NaN	0.0	NaN	NaN	NaN	NaN	0.0	NaN	
18	16	0.031085494900755805	12.6	0.011504297721612764	24112.749121458797	4.827909670527363	0.0	0.0	0.31085494900755806	0.22801111676488334	
19	9	NaN	NaN	0.0	NaN	NaN	NaN	NaN	0.0	NaN	
19	16	0.03445416397908658	13.6	0.012474809169514664	27382.460263017238	5.260496256657197	0.0	0.0	0.3445416397908658	0.2446650497079184	
20	9	NaN	NaN	0.0	NaN	NaN	NaN	NaN	0.0	NaN	
20	16	0.03840821656095306	13.5	0.01340423750410628	29841.92637747748	5.7460394201985645	0.0	0.0	0.38408216560953057	0.21306650689227338	
21	9	NaN	NaN	0.0	NaN	NaN	NaN	NaN	0.0	NaN	
21	16	0.04214897974481021	14.5	0.014974331810377406	33226.20355522238	6.277978014261698	0.0	0.0	0.4214897974481021	0.22670121406998248	
22	9	NaN	NaN	0.0	NaN	NaN	NaN	NaN	0.0	NaN	
22	16	0.046766914995444823	13.4	0.016407339608554134	36769.301447721045	6.876166902755491	0.0	0.0	0.46766914995444825	0.23998095040002243	
23	9	NaN	NaN	0.0	NaN	NaN	NaN	NaN	0.0	NaN	
23	16	0.052135406695105205	15.3	0.018214209383975218	41446.22376774562	7.549961765336503	0.0	0.0	0.521354066951052	0.2617400261064178	
24	9	NaN	NaN	0.0	NaN	NaN	NaN	NaN	0.0	NaN	
24	16	0.05818209755026336	15.4	0.020316440609420207	46317.516051993574	8.307226420531682	0.0	0.0	0.5818209755026336	0.23991260782951096	
25	9	NaN	NaN	0.0	NaN	NaN	NaN	NaN	0.0	NaN	
25	16	0.06404850768965455	15.0	0.022770364217714546	51942.63734335538	9.157427558928173	0.0	0.0	0.6404850768965454	0.25854827673870706	
26	9	NaN	NaN	0.0	NaN	NaN	NaN	NaN	0.0	NaN	
26	16	0.07052923446375266	16.7	0.02525988351025628	56690.53727553332	10.080305243452573	0.0	0.0	0.7052923446375265	0.2791273786380146	
27	9	NaN	NaN	0.0	NaN	NaN	NaN	NaN	0.0	NaN	
27	16	0.07795684401215039	16.1	0.027843935933398362	63110.652325114366	11.11246103773387	0.0	0.0	0.779568440121504	0.270457679081014	
28	9	NaN	NaN	0.0	NaN	NaN	NaN	NaN	0.0	NaN	
28	16	0.08567060860210349	16.9	0.031272566115254405	69306.4100814467	12.24639245024812	0.0	0.0	0.8567060860210348	0.2875996027517475	
29	9	NaN	NaN	0.0	NaN	NaN	NaN	NaN	0.0	NaN	
29	16	0.0934550318863779	16.0	0.034757917258081104	77434.31340212598	13.514343010449982	0.0	0.0	0.9345503188637789	0.3043293794973723	
30	9	NaN	NaN	0.0	NaN	NaN	NaN	NaN	0.0	NaN	
30	16	0.10199839783523582	17.0	0.038230186619238916	83804.9425827209	14.876675915616545	0.0	0.0	1.019983978352358	0.3229735967631514	
31	9	NaN	NaN	0.0	NaN	NaN	NaN	NaN	0.0	NaN	
31	16	0.11219857115593623	16.8	0.04173094529727197	91598.98815798003	16.373116603806288	0.0	0.0	1.1219857115593623	0.31728649089183414	
32	9	NaN	NaN	0.0	NaN	NaN	NaN	NaN	0.0	NaN	
32	16	0.123131603027874	17.5	0.045969291690565545	100619.4079757282	18.017354957829923	0.0	0.0	1.23131603027874	0.3324032723117136	
33	9	NaN	NaN	0.0	NaN	NaN	NaN	NaN	0.0	NaN	
33	16	0.1340204723623917	18.3	0.05066271257007699	111274.77194098395	19.8333483785991	0.0	0.0	1.340204723623917	0.34563167277948365	
34	9	NaN	NaN	0.0	NaN	NaN	NaN	NaN	0.0	NaN	
34	16	0.14612969611191626	17.1	0.054720141004957694	119343.05515221883	21.772297615302506	0.0	0.0	1.4612969611191626	0.3361627914945072	
35	9	NaN	NaN	0.0	NaN	NaN	NaN	NaN	0.0	NaN	
35	16	0.16048753225829326	18.6	0.05977023105777231	131201.81726287742	23.909285170738855	0.0	0.0	1.6048753225829326	0.3523605319297897	
36	9	NaN	NaN	0.0	NaN	NaN	NaN	NaN	0.0	NaN	
36	16	0.1760568122869323	16.7	0.0659304600075722	144661.83068825933	26.269625184326735	0.0	0.0	1.7605681228693228	0.36761685490263113	
37	9	NaN	NaN	0.0	NaN	NaN	NaN	NaN	0.0	NaN	
37	16	0.19146994888560626	20.4	0.07215955082116973	158796.61607927168	28.857463345083147	0.0	0.0	1.9146994888560624	0.3840189585180039	
38	9	NaN	NaN	0.0	NaN	NaN	NaN	NaN	0.0	NaN	
38	16	0.20611010262622192	19.4	0.07840679697768327	172498.37941058917	31.66892993876017	0.4725082997628866	0.01598176818909878	2.0611010262622194	0.37760139224680694	
39	9	NaN	NaN	0.0	NaN	NaN	NaN	NaN	0.0	NaN	
39	16	0.22062794330040747	18.3	0.08468687628929257	187548.91079125868	34.71415625554998	1.3514620516868638	0.04165142435580595	2.2062794330040747	0.3900254819545876	
40	9	NaN	NaN	0.0	NaN	NaN	NaN	NaN	0.0	NaN	
40	16	0.23467881135040303	19.2	0.09091472087435389	204326.54844059682	38.04232662637528	2.555179103952631	0.07174706431414304	2.3467881135040303	0.40145299446785593	
41	9	NaN	NaN	0.0	NaN	NaN	NaN	NaN	0.0	NaN	
41	16	0.24790466571163047	20.7	0.0956724663985729	219538.58865965158	41.608841049457354	3.9156379304445332	0.10031781602366273	2.479046657116305	0.4084782504561978	
42	9	NaN	NaN	0.0	NaN	NaN	NaN	NaN	0.0	NaN	
42	16	0.2609131093593999	19.4	0.1001088326377206	224364.1267530892	45.233283274005	5.455934544804768	0.12832521525661555	2.609131093593999	0.3942474672230533	
43	9	NaN	NaN	0.0	NaN	NaN	NaN	NaN	0.0	NaN	
43	16	0.2742607364831978	19.5	0.10533958964966886	232707.12265646615	48.97337229223886	7.2352319096375695	0.15690250684480148	2.742607364831978	0.4025791889910623	
44	9	NaN	NaN	0.0	NaN	NaN	NaN	NaN	0.0	NaN	
44	16	0.28726960800847484	21.0	0.10946959510679063	237778.68540838704	52.78822461096627	9.120722359453742	0.18319328982266903	2.8726960800847485	0.41035801768989294	
45	9	NaN	NaN	0.0	NaN	NaN	NaN	NaN	0.0	NaN	
45	16	0.29952885784197136	20.6	0.11376616836833116	244186.8526377989	56.68343464495528	11.007406485409547	0.20554363537996562	2.995288578419714	0.4011929430800958	
46	9	NaN	NaN	0.0	NaN	NaN	NaN	NaN	0.0	NaN	
46	16	0.3122063451879043	19.6	0.11738792362680256	249898.6727773776	60.65526015078499	12.93649089029066	0.22538523719072903	3.122063451879043	0.4040496052264006	
47	9	NaN	NaN	0.0	NaN	NaN	NaN	NaN	0.0	NaN	
47	16	0.3262788660743279	19.6	0.1207858730591429	264532.1873529774	64.85805647692726	15.063155506428668	0.24508132931961996	3.262788660743279	0.4058498790300939	
48	9	NaN	NaN	0.0	NaN	NaN	NaN	NaN	0.0	NaN	
48	16	0.34057354360195413	20.3	0.12496087059211201	272045.38493631256	69.1634015444564	17.231280124794516	0.2625694719858221	3.4057354360195413	0.4137636752768681	
49	9	NaN	NaN	0.0	NaN	NaN	NaN	NaN	0.0	NaN	
49	16	0.35472392706759404	21.0	0.12906785594512513	276929.4877375461	73.52388772103049	19.299314263020143	0.2762973028420712	3.54723927067594	0.4007884235507502	
50	9	NaN	NaN	0.0	NaN	NaN	NaN	NaN	0.0	NaN	
50	16	0.3702692638280405	19.2	0.13267090851151037	288914.38688531297	78.06058842125846	21.394122722413034	0.28816462122996755	3.702692638280405	0.4069360946889901	
51	9	NaN	NaN	0.0	NaN	NaN	NaN	NaN	0.0	NaN	
51	16	0.38814281679545937	20.2	0.1378475825442397	300849.10903294565	82.76827085188633	23.610538730396563	0.29967781624190504	3.881428167954594	0.4145650533051898	
52	9	NaN	NaN	0.0	NaN	NaN	NaN	NaN	0.0	NaN	
52	16	0.4078176366007874	19.7	0.1428626795932499	311410.1264192485	87.63545717766337	25.78589651280716	0.30891174630573437	4.078176366007874	0.41637288245302806	
53	9	NaN	NaN	0.0	NaN	NaN	NaN	NaN	0.0	NaN	
53	16	0.42865486198328007	22.5	0.14861664058830748	326235.938181159	92.71766188939804	27.773787243580415	0.31430089505339337	4.286548619832801	0.40448435401779387	
54	9	NaN	NaN	0.0	NaN	NaN	NaN	NaN	0.0	NaN	
54	16	0.4528373266654796	21.5	0.15416861580698835	341533.49426612805	98.0445235629531	29.58191412683407	0.3164455546480931	4.528373266654796	0.40940721124286994	
55	9	NaN	NaN	0.0	NaN	NaN	NaN	NaN	0.0	NaN	
55	16	0.48077334550927875	22.3	0.1611090733070719	361591.4872470201	103.6701891611425	31.458077653454477	0.31819841397818077	4.807733455092787	0.4191158947604243	
56	9	NaN	NaN	0.0	NaN	NaN	NaN	NaN	0.0	NaN	
56	16	0.5103090717702182	23.7	0.1691063847479642	380781.89379926363	109.60626888801346	33.44123104367298	0.3198910848257228	5.103090717702182	0.4292936978283199	
57	9	NaN	NaN	0.0	NaN	NaN	NaN	NaN	0.0	NaN	
57	16	0.5405259311765377	23.5	0.17878319106533305	395775.3302940199	115.75894332990178	35.589038022656716	0.3223203882637768	5.405259311765377	0.41435422798627697	
58	9	NaN	NaN	0.0	NaN	NaN	NaN	NaN	0.0	NaN	
58	16	0.5718641843409911	23.6	0.18798573793496579	424591.53563122946	122.35620470576798	37.799843951429004	0.32383404417319056	5.718641843409911	0.4238240386529483	
59	9	NaN	NaN	0.0	NaN	NaN	NaN	NaN	0.0	NaN	
59	16	0.6049939793293958	23.8	0.19814768455485068	438209.8190769366	129.13685334026763	40.080077241888304	0.32530831656773423	6.049939793293958	0.43054024360122456	
60	9	NaN	NaN	0.0	NaN	NaN	NaN	NaN	0.0	NaN	
60	16	0.6394708727190093	26.2	0.20823174931210697	466467.93744359416	136.37723732951332	42.45571834332531	0.32624549836070305	6.394708727190093	0.4357647861260389	
61	9	NaN	NaN	0.0	NaN	NaN	NaN	NaN	0.0	NaN	
61	16	0.6724352986073574	25.5	0.21759544274889267	482724.8837066654	143.80095850162283	44.91481167626823	0.3272644195907584	6.724352986073574	0.4303960444820097	
62	9	NaN	NaN	0.0	NaN	NaN	NaN	NaN	0.0	NaN	
62	16	0.7050541467907367	24.1	0.22805632940248285	509369.5932336942	151.6632554583745	47.332711972054476	0.3268755738457133	7.050541467907367	0.4319308111887161	
63	9	NaN	NaN	0.0	NaN	NaN	NaN	NaN	0.0	NaN	
63	16	0.7380002377253121	23.6	0.23793830504447444	523963.67302257085	159.725157771512	49.761137596421676	0.3261486666705593	7.380002377253121	0.4362708901883827	
64	9	NaN	NaN	0.0	NaN	NaN	NaN	NaN	0.0	NaN	
64	16	0.7732240749607258	24.8	0.24740120730681447	538692.8069355963	167.99082446988965	52.335488068115055	0.32601504609820003	7.732240749607257	0.4422893579780036	
65	9	NaN	NaN	0.0	NaN	NaN	NaN	NaN	0.0	NaN	
65	16	0.809322950882654	22.9	0.2548564533457786	549850.6657682718	176.39179433785765	55.07946577960414	0.32665335302698384	8.093229508826541	0.43331016577848336	
66	9	NaN	NaN	0.0	NaN	NaN	NaN	NaN	0.0	NaN	
66	16	0.8466320011096439	25.6	0.2642448777348588	571947.4903184848	185.1130310185875	58.038200405939925	0.32788880808298393	8.466320011096439	0.4376816681778405	
67	9	NaN	NaN	0.0	NaN	NaN	NaN	NaN	0.0	NaN	
67	16	0.885152997911591	28.3	0.27311192280952873	595713.8224735776	194.17959063703367	61.0425716945554	0.328633898607603	8.85152997911591	0.441756784687313	
68	9	NaN	NaN	0.0	NaN	NaN	NaN	NaN	0.0	NaN	
68	16	0.9264777074463841	24.9	0.2842678701168672	620645.1956736258	203.61279922690068	64.32114110804748	0.33012163059458616	9.264777074463842	0.43484464312504206	
69	9	NaN	NaN	0.0	NaN	NaN	NaN	NaN	0.0	NaN	
69	16	0.9705418608543359	25.1	0.2943246154833051	648427.365833573	213.48885379152807	67.86721665304349	0.3320928339504809	9.70541860854336	0.4353905561605335	
70	9	NaN	NaN	0.0	NaN	NaN	NaN	NaN	0.0	NaN	
70	16	1.0143261979647513	27.2	0.3043155780280273	670979.2721171498	223.64626652636034	71.55034988929174	0.3341283976143744	10.143261979647512	0.4411206611332586	
71	9	NaN	NaN	0.0	NaN	NaN	NaN	NaN	0.0	NaN	
71	16	1.05786786520106	24.8	0.31507978457858965	687636.0309898128	233.99198283618915	75.27649123044684	0.33598421042635035	10.5786786520106	0.44119816559147873	
72	9	NaN	NaN	0.0	NaN	NaN	NaN	NaN	0.0	NaN	
72	16	1.104444742036243	27.9	0.3242648746789538	705701.2998574906	244.72087192048897	78.89428073971895	0.3366558448566493	11.044447420362431	0.44276441892656393	
73	9	NaN	NaN	0.0	NaN	NaN	NaN	NaN	0.0	NaN	
73	16	1.150209696188991	28.9	0.33391774004411545	714908.0960674701	255.43520005064838	82.57022925202136	0.3375514997909455	11.50209696188991	0.43648669518502364	
74	9	NaN	NaN	0.0	NaN	NaN	NaN	NaN	0.0	NaN	
74	16	1.1968840073451152	26.3	0.3431810949102501	723395.9359329039	266.23397490749005	86.3235814556766	0.3386053096510527	11.968840073451153	0.4391464203374816	
75	9	NaN	NaN	0.0	NaN	NaN	NaN	NaN	0.0	NaN	
75	16	1.242503561837331	27.1	0.3527567351830945	750524.2940535548	277.39140020593607	89.94926122795597	0.33850711244030435	12.42503561837331	0.43873576992508395	
76	9	NaN	NaN	0.0	NaN	NaN	NaN	NaN	0.0	NaN	
76	16	1.289405996363353	29.2	0.3603370078084628	794136.2227234835	289.1853670485164	93.68149444011966	0.3379682891084488	12.89405996363353	0.44089636438666624	
77	9	NaN	NaN	0.0	NaN	NaN	NaN	NaN	0.0	NaN	
77	16	1.3381207116957101	28.3	0.36846533559756356	820104.91778972	301.3171906418359	97.58952874511765	0.33762667537095503	13.381207116957102	0.432797724695953	
78	9	NaN	NaN	0.0	NaN	NaN	NaN	NaN	0.0	NaN	
78	16	1.3922499663985497	28.4	0.3775227909069536	854556.8712492626	314.06214736697467	101.82019427608282	0.33777629973378476	13.922499663985496	0.4361237472430078	
79	9	NaN	NaN	0.0	NaN	NaN	NaN	NaN	0.0	NaN	
79	16	1.448236947208274	29.5	0.3870230265202696	877348.0872985156	327.0782937024524	106.30430649063162	0.33853029943856433	14.48236947208274	0.43800729122354654	
80	9	NaN	NaN	0.0	NaN	NaN	NaN	NaN	0.0	NaN	
80	16	1.5018583967484296	30.5	0.3959142358606286	876338.3693665856	339.87795864556335	110.87260580917682	0.33975592596148935	15.018583967484295	0.43885457226126506	
81	9	NaN	NaN	0.0	NaN	NaN	NaN	NaN	0.0	NaN	
81	16	1.5576617788816263	30.6	0.40478263738829845	899504.7913214525	353.03652564737683	115.48423514068467	0.34063260389951605	15.576617788816263	0.4335210374779121	
82	9	NaN	NaN	0.0	NaN	NaN	NaN	NaN	0.0	NaN	
82	16	1.6142069530168353	30.6	0.4139589236529587	925416.7758644385	366.47647895116694	120.2360282907742	0.34163720254912916	16.142069530168353	0.43380790235956895	
83	9	NaN	NaN	0.0	NaN	NaN	NaN	NaN	0.0	NaN	
83	16	1.6730472323042498	28.8	0.42296464724198407	966297.2396161485	380.57228911403655	125.08010773479529	0.3422229682237249	16.7304723230425	0.4333052133090564	
84	9	NaN	NaN	0.0	NaN	NaN	NaN	NaN	0.0	NaN	
84	16	1.7323711525662344	32.3	0.4320213418069983	999035.2309180895	395.09012417636427	130.1448675533813	0.3430111773304914	17.323711525662343	0.4336378542065493	
85	9	NaN	NaN	0.0	NaN	NaN	NaN	NaN	0.0	NaN	
85	16	1.7909450186985798	33.7	0.4395070481652665	1020167.5051816233	409.88995719253705	135.12127475085657	0.34315132151462385	17.909450186985797	0.42722588593465227	
86	9	NaN	NaN	0.0	NaN	NaN	NaN	NaN	0.0	NaN	
86	16	1.8473482864616801	33.5	0.4474955850899659	1032036.6412998624	424.6619623948578	140.04101488436083	0.3431626758291398	18.473482864616802	0.42988446854588536	
87	9	NaN	NaN	0.0	NaN	NaN	NaN	NaN	0.0	NaN	
87	16	1.9020082229637627	36.6	0.45563881560579383	1043125.4629823366	439.3755788898526	145.05796503809816	0.34346757976294096	19.020082229637627	0.42934844128339045	
88	9	NaN	NaN	0.0	NaN	NaN	NaN	NaN	0.0	NaN	
88	16	1.959578235427855	34.0	0.46384960392303676	1066449.722660715	454.4028926903285	150.35605631855083	0.3441544933088965	19.59578235427855	0.4302461583707021	
89	9	NaN	NaN	0.0	NaN	NaN	NaN	NaN	0.0	NaN	
89	16	2.0149644478732176	34.5	0.4710988153620286	1072691.2093401162	469.3320080812139	155.81337659489296	0.34515994166372616	20.149644478732178	0.42545236035856393	
90	9	NaN	NaN	0.0	NaN	NaN	NaN	NaN	0.0	NaN	
90	16	2.0691428774496483	36.9	0.47782556144752675	1075782.0610521387	484.2311062675259	161.12970330800948	0.3457206336933984	20.691428774496483	0.42458499297333924	
91	9	NaN	NaN	0.0	NaN	NaN	NaN	NaN	0.0	NaN	
91	16	2.1296967212858906	36.0	0.4846783077723307	1124658.0395837328	500.0435987159699	166.6914673384415	0.3461293024774404	21.296967212858906	0.4250080667476058	
92	9	NaN	NaN	0.0	NaN	NaN	NaN	NaN	0.0	NaN	
92	16	2.1870143936838513	35.9	0.4906640771008384	1117981.554922743	515.3915458770609	172.32937354249833	0.3469715671908514	21.870143936838513	0.42496733803695597	
93	9	NaN	NaN	0.0	NaN	NaN	NaN	NaN	0.0	NaN	
93	16	2.2384517440705367	37.7	0.49676731009508446	1123954.0592168286	530.4811867263959	178.07284182498216	0.34809081264922975	22.384517440705366	0.4200854075517387	
94	9	NaN	NaN	0.0	NaN	NaN	NaN	NaN	0.0	NaN	
94	16	2.2895511168495437	35.1	0.5025827788651419	1142661.645360353	545.8461805555072	183.6793639229958	0.34866746896420764	22.895511168495435	0.4217463656581774	
95	9	NaN	NaN	0.0	NaN	NaN	NaN	NaN	0.0	NaN	
95	16	2.336382280592537	37.8	0.5071655411078441	1141109.7510553352	560.8911863503189	189.11207278450118	0.34909362239360686	23.363822805925373	0.42352529025337643	
96	9	NaN	NaN	0.0	NaN	NaN	NaN	NaN	0.0	NaN	
96	16	2.381894274738631	39.6	0.5133631566362113	1150866.299520663	575.8520726098423	194.5649915915631	0.3495763060737882	23.81894274738631	0.42111081436993686	
97	9	NaN	NaN	0.0	NaN	NaN	NaN	NaN	0.0	NaN	
97	16	2.4379514481432145	41.8	0.5198709691633429	1168467.4005811322	591.4330881830479	200.23972962185576	0.3500631675599263	24.379514481432146	0.42454909745437946	
98	9	NaN	NaN	0.0	NaN	NaN	NaN	NaN	0.0	NaN	
98	16	2.481815621478635	36.4	0.5236637891527888	1153466.1749296724	606.062799548604	205.87258844561399	0.350985297650306	24.81815621478635	0.41556098805086455	
99	9	NaN	NaN	0.0	NaN	NaN	NaN	NaN	0.0	NaN	
99	16	2.513853548373432	36.7	0.5297119617822216	1144342.2446337277	619.8572423758819	211.32767846798143	0.3520013813271995	25.13853548373432	0.41654909750147584	
100	9	NaN	NaN	0.0	NaN	NaN	NaN	NaN	0.0	NaN	
100	16	2.555681764214614	41.5	0.5345097902471847	1154079.640825413	634.381960946507	216.7399362218501	0.35265813533772966	25.556817642146143	0.418661554324758	
1	9	NaN	NaN	0.0	NaN	NaN	NaN	NaN	0.0	NaN	
1	16	0.0	10.0	0.0	0.0	3.0	0.0	NaN	0.0	1.200000000000002	
2	9	NaN	NaN	0.0	NaN	NaN	NaN	NaN	0.0	NaN	
2	16	0.0	10.0	0.0	0.0	2.9438614596153565	0.0	NaN	0.0	1.200000000000002	
3	9	NaN	NaN	0.0	NaN	NaN	NaN	NaN	0.0	NaN	
3	16	0.008483459668955867	10.0	0.0	0.0	1.9399859246538689	0.0	0.0	0.08483459668955867	1.200000000000002	
4	9	NaN	NaN	0.0	NaN	NaN	NaN	NaN	0.0	NaN	
4	16	0.009043360454348757	10.0	0.00187199767721521	7095.263069539037	2.051496099341637	0.0	0.0	0.09043360454348756	0.3011092544397486	
5	9	NaN	NaN	0.0	NaN	NaN	NaN	NaN	0.0	NaN	
5	16	0.009480535188408159	10.0	0.0019795988069233415	5082.473918725555	2.1269957328165687	0.0	0.0	0.09480535188408158	0.3342147808510284	
6	9	NaN	NaN	0.0	NaN	NaN	NaN	NaN	0.0	NaN	
6	16	0.009952389652467064	10.0	0.0024573401215380896	5575.568666984649	2.210899277625647	0.0	0.0	0.09952389652467064	0.4139318614266918	
7	9	NaN	NaN	0.0	NaN	NaN	NaN	NaN	0.0	NaN	
7	16	0.010557385792918672	10.0	0.0028020404237381674	6280.609201418707	2.305999559120996	0.0	0.0	0.10557385792918672	0.22430160058561135	
8	9	NaN	NaN	0.0	NaN	NaN	NaN	NaN	0.0	NaN	
8	16	0.011479117420436561	10.0	0.003465789358328578	7286.6351086455525	2.4175973551494847	0.0	0.0	0.1147911742043656	0.26824974714474165	
9	9	NaN	NaN	0.0	NaN	NaN	NaN	NaN	0.0	NaN	
9	16	0.012718891038085859	10.6	0.004165030832752502	8487.734424242237	2.5495314589536395	0.0	0.0	0.12718891038085858	0.30961799391441625	
10	9	NaN	NaN	0.0	NaN	NaN	NaN	NaN	0.0	NaN	
10	16	0.014094023800571686	10.7	0.004763001511318359	9946.72478966248	2.705854125385865	0.0	0.0	0.14094023800571687	0.22282000474374083	
11	9	NaN	NaN	0.0	NaN	NaN	NaN	NaN	0.0	NaN	
11	16	0.015070972130831833	10.9	0.005359493789660704	10932.211103689313	2.8435838184055005	0.0	0.0	0.15070972130831833	0.23309252937853248	
12	9	NaN	NaN	0.0	NaN	NaN	NaN	NaN	0.0	NaN	
12	16	0.016484495443173576	12.7	0.006193222941931829	12510.500497133215	3.016966457034591	0.0	0.0	0.16484495443173577	0.2575819119032445	
13	9	NaN	NaN	0.0	NaN	NaN	NaN	NaN	0.0	NaN	
13	16	0.018040024496698684	11.7	0.006872372904779337	14388.770159610602	3.231035710022585	0.0	0.0	0.18040024496698684	0.2053248099109758	
14	9	NaN	NaN	0.0	NaN	NaN	NaN	NaN	0.0	NaN	
14	16	0.019826346474532165	12.6	0.007617528909151493	16017.451115093238	3.474518575128676	0.0	0.0	0.19826346474532167	0.22683204328651563	
15	9	NaN	NaN	0.0	NaN	NaN	NaN	NaN	0.0	NaN	
15	16	0.022242922800841985	11.3	0.008481532504935435	17876.199658921243	3.7560056459932802	0.0	0.0	0.22242922800841985	0.24301702054455354	
16	9	NaN	NaN	0.0	NaN	NaN	NaN	NaN	0.0	NaN	
16	16	0.025277375710534983	12.6	0.009410604064431885	20141.434976177785	4.082180211941817	0.0	0.0	0.25277375710534983	0.2523483299812313	
17	9	NaN	NaN	0.0	NaN	NaN	NaN	NaN	0.0	NaN	
17	16	0.028074427530930368	12.7	0.010248341924971425	22314.954031608246	4.441426999430146	0.0	0.0	0.2807442753093037	0.21202300687118908	
18	9	NaN	NaN	0.0	NaN	NaN	NaN	NaN	0.0	NaN	
18	16	0.03095585865407365	12.9	0.011437223172282176	24051.233427410316	4.818781492983828	0.0	0.0	0.3095585865407365	0.22761794888121656	
19	9	NaN	NaN	0.0	NaN	NaN	NaN	NaN	0.0	NaN	
19	16	0.03450951807839241	14.8	0.012480602324585121	27090.459045144584	5.25673591873866	0.0	0.0	0.3450951807839241	0.244526293102014	
20	9	NaN	NaN	0.0	NaN	NaN	NaN	NaN	0.0	NaN	
20	16	0.03846253185232425	13.9	0.013378324550675795	29879.051259834425	5.741113097743055	0.0	0.0	0.3846253185232425	0.21473430820842876	
21	9	NaN	NaN	0.0	NaN	NaN	NaN	NaN	0.0	NaN	
21	16	0.04221380969858023	12.8	0.015156656566157495	33454.048210454835	6.27526096244527	0.0	0.0	0.42213809698580235	0.23013520584715574	
22	9	NaN	NaN	0.0	NaN	NaN	NaN	NaN	0.0	NaN	
22	16	0.046820322307890856	14.3	0.016173428545257298	36911.15994177938	6.8736856498154	0.0	0.0	0.46820322307890855	0.24239566968217172	
23	9	NaN	NaN	0.0	NaN	NaN	NaN	NaN	0.0	NaN	
23	16	0.05206567714340273	14.7	0.01828573432893731	40775.72569980241	7.533721822066792	0.0	0.0	0.5206567714340273	0.26311060158960536	
24	9	NaN	NaN	0.0	NaN	NaN	NaN	NaN	0.0	NaN	
24	16	0.057938382525252796	15.0	0.02043414825511075	46117.166699121466	8.280148166226722	0.0	0.0	0.579383825252528	0.2502394299887879	
25	9	NaN	NaN	0.0	NaN	NaN	NaN	NaN	0.0	NaN	
25	16	0.06378836333482105	15.1	0.023198795928600684	51889.21529917808	9.129284349537752	0.0	0.0	0.6378836333482105	0.2630101371054965	
26	9	NaN	NaN	0.0	NaN	NaN	NaN	NaN	0.0	NaN	
26	16	0.07038506776431813	16.7	0.025470450328407265	56867.6917796276	10.052080265585364	0.0	0.0	0.7038506776431813	0.28340711488524467	
27	9	NaN	NaN	0.0	NaN	NaN	NaN	NaN	0.0	NaN	
27	16	0.0780569782565037	15.1	0.02831114606473471	63360.48918535021	11.089208704441493	0.0	0.0	0.7805697825650371	0.2715269347256879	
28	9	NaN	NaN	0.0	NaN	NaN	NaN	NaN	0.0	NaN	
28	16	0.08603489352268608	15.7	0.03149695084295024	69888.60195154899	12.230876766176857	0.0	0.0	0.8603489352268607	0.2888937568572404	
29	9	NaN	NaN	0.0	NaN	NaN	NaN	NaN	0.0	NaN	
29	16	0.09410933254546958	16.3	0.03543232299984306	77951.96925347557	13.507637277959082	0.0	0.0	0.9410933254546957	0.3084598520888813	
30	9	NaN	NaN	0.0	NaN	NaN	NaN	NaN	0.0	NaN	
30	16	0.10317754884267309	15.3	0.039062631211341715	84876.32972172102	14.89221763860576	0.0	0.0	1.031775488426731	0.3254108031677632	
31	9	NaN	NaN	0.0	NaN	NaN	NaN	NaN	0.0	NaN	
31	16	0.11387397771055256	18.0	0.04254721130826099	93628.50450326715	16.421518924390192	0.0	0.0	1.1387397771055257	0.3180808280580314	
32	9	NaN	NaN	0.0	NaN	NaN	NaN	NaN	0.0	NaN	
32	16	0.1253446415841063	16.6	0.04728700806732117	102317.08148429521	18.09470223451668	0.0	0.0	1.253446415841063	0.32935987367080594	
33	9	NaN	NaN	0.0	NaN	NaN	NaN	NaN	0.0	NaN	
33	16	0.13680602061398187	16.8	0.052375258514513016	113786.82931968593	19.953071834590077	0.0	0.0	1.3680602061398186	0.3459527897618409	
34	9	NaN	NaN	0.0	NaN	NaN	NaN	NaN	0.0	NaN	
34	16	0.1497275166050336	20.2	0.057076146668892304	124169.92768135229	21.975539661512023	0.0	0.0	1.497275166050336	0.331462332578672	
35	9	NaN	NaN	0.0	NaN	NaN	NaN	NaN	0.0	NaN	
35	16	0.16442349781678706	18.5	0.06189730896335092	134908.47689782252	24.160440882769016	0.0	0.0	1.6442349781678705	0.3490997283091344	
36	9	NaN	NaN	0.0	NaN	NaN	NaN	NaN	0.0	NaN	
36	16	0.18032271538970454	17.2	0.06833545169352526	148835.38559732022	26.585984674093947	0.0	0.0	1.8032271538970455	0.3672642595511544	
37	9	NaN	NaN	0.0	NaN	NaN	NaN	NaN	0.0	NaN	
37	16	0.19623491359227288	19.6	0.07471267992962174	164151.83393198793	29.264087672593405	0.0	0.0	1.9623491359227287	0.381544939934661	
38	9	NaN	NaN	0.0	NaN	NaN	NaN	NaN	0.0	NaN	
38	16	0.21088874377859593	19.9	0.08183973291336435	177155.28349382785	32.14483923755772	0.4787818331154171	0.01598184395262866	2.108887437785959	0.37807885712293904	
39	9	NaN	NaN	0.0	NaN	NaN	NaN	NaN	0.0	NaN	
39	16	0.22577374694574578	18.1	0.08762261876893201	192421.61440903757	35.27559644219498	1.3827928459258079	0.042008990416299526	2.257737469457458	0.3843596406332963	
40	9	NaN	NaN	0.0	NaN	NaN	NaN	NaN	0.0	NaN	
40	16	0.2400099462596148	17.6	0.09323171628626221	209948.78448643853	38.69515330971403	2.629664849452032	0.072711256660221	2.400099462596148	0.3954250232842251	
41	9	NaN	NaN	0.0	NaN	NaN	NaN	NaN	0.0	NaN	
41	16	0.2533040471479421	19.6	0.09945301753984352	223701.00623350652	42.32995793471666	4.033328369980234	0.10173332714365045	2.533040471479421	0.404990612624068	
42	9	NaN	NaN	0.0	NaN	NaN	NaN	NaN	0.0	NaN	
42	16	0.2664761526720668	19.4	0.10370012192517074	232079.24038362055	46.084762656532874	5.6300660705251016	0.1301637725248378	2.6647615267206683	0.39225775746443586	
43	9	NaN	NaN	0.0	NaN	NaN	NaN	NaN	0.0	NaN	
43	16	0.2798183795560926	18.7	0.10805074612197914	239278.53629525215	49.9344833182921	7.456130426735103	0.1587969597333091	2.7981837955609263	0.39879940111788437	
44	9	NaN	NaN	0.0	NaN	NaN	NaN	NaN	0.0	NaN	
44	16	0.2927551493837228	21.0	0.11231337472268245	243417.09155011052	53.84132156433784	9.406142244510015	0.18547638080480736	2.9275514938372282	0.40416118864918976	
45	9	NaN	NaN	0.0	NaN	NaN	NaN	NaN	0.0	NaN	
45	16	0.3048359803214596	20.3	0.11661479910383775	249545.6488209259	57.82766131124686	11.34394692436302	0.20790098738584897	3.0483598032145958	0.3914413589396792	
46	9	NaN	NaN	0.0	NaN	NaN	NaN	NaN	0.0	NaN	
46	16	0.31727356185112177	20.7	0.12055567415083136	255303.16511525586	61.88574933310629	13.332630484411956	0.22795187925136312	3.1727356185112177	0.4000947112636359	
47	9	NaN	NaN	0.0	NaN	NaN	NaN	NaN	0.0	NaN	
47	16	0.33079214200027185	21.8	0.12345273956989472	265380.7733448098	66.08797719746018	15.507132454928627	0.2479279963665781	3.3079214200027183	0.3990181027183178	
48	9	NaN	NaN	0.0	NaN	NaN	NaN	NaN	0.0	NaN	
48	16	0.34481974033294543	21.6	0.12847207527540735	275539.4565295594	70.44288614621995	17.777142907261805	0.2663235933806518	3.4481974033294542	0.40484430493637946	
49	9	NaN	NaN	0.0	NaN	NaN	NaN	NaN	0.0	NaN	
49	16	0.35863801575180027	20.7	0.13218641010234272	284574.2034042683	74.9197932869848	19.96161302748454	0.2808343886261916	3.5863801575180028	0.39584981382144513	
50	9	NaN	NaN	0.0	NaN	NaN	NaN	NaN	0.0	NaN	
50	16	0.37337119680936814	21.5	0.13563305781404564	294562.2951633552	79.52981896889985	22.12928858879902	0.29295775848102285	3.733711968093681	0.4020573269425002	
51	9	NaN	NaN	0.0	NaN	NaN	NaN	NaN	0.0	NaN	
51	16	0.3903143903152935	18.4	0.1408218879622907	303842.3833274018	84.28665322364874	24.357845389878907	0.30399237732755485	3.903143903152935	0.40716079427324614	
52	9	NaN	NaN	0.0	NaN	NaN	NaN	NaN	0.0	NaN	
52	16	0.4085858946368681	21.8	0.1458981344030537	316331.22532242833	89.23032740859324	26.521547364642505	0.31242741461262247	4.085858946368681	0.4135047876057748	
53	9	NaN	NaN	0.0	NaN	NaN	NaN	NaN	0.0	NaN	
53	16	0.4277127374308721	22.4	0.15168032787655522	332397.4736075235	94.41027592894724	28.468891165332973	0.3167361584386875	4.277127374308721	0.39980710864887603	
54	9	NaN	NaN	0.0	NaN	NaN	NaN	NaN	0.0	NaN	
54	16	0.4497545256322029	21.2	0.1571700645272329	345320.9602276688	99.78504806168817	30.23919185439264	0.318146474324575	4.497545256322029	0.40378597090941143	
55	9	NaN	NaN	0.0	NaN	NaN	NaN	NaN	0.0	NaN	
55	16	0.47621815218243657	21.1	0.16372655505945782	366973.06025116553	105.50557909040427	32.10745543822319	0.3194002949416949	4.762181521824366	0.4116150135466707	
56	9	NaN	NaN	0.0	NaN	NaN	NaN	NaN	0.0	NaN	
56	16	0.504215467671617	24.1	0.1712485411769548	380826.2410308799	111.42895017562789	34.09058391612978	0.32103449358499875	5.042154676716169	0.41887103302909684	
57	9	NaN	NaN	0.0	NaN	NaN	NaN	NaN	0.0	NaN	
57	16	0.5334994418307846	22.6	0.1803765339762302	395307.21145573433	117.55535740978613	36.27614070248082	0.32378405985126557	5.334994418307845	0.40886546978338956	
58	9	NaN	NaN	0.0	NaN	NaN	NaN	NaN	0.0	NaN	
58	16	0.5645013736452903	22.3	0.18926668758955834	422313.904566197	124.12283762223983	38.53115285904014	0.32564483870291405	5.645013736452903	0.41497349363624847	
59	9	NaN	NaN	0.0	NaN	NaN	NaN	NaN	0.0	NaN	
59	16	0.5978247649619206	24.1	0.19835616173747614	443156.45605544525	130.99418263727918	40.89096015633188	0.32739153187325554	5.978247649619206	0.4203865236343981	
60	9	NaN	NaN	0.0	NaN	NaN	NaN	NaN	0.0	NaN	
60	16	0.6310665789743461	23.5	0.20815424698975413	464197.44561081287	138.16015032870024	43.25128218405306	0.32822564779242497	6.310665789743461	0.4246335316795971	
61	9	NaN	NaN	0.0	NaN	NaN	NaN	NaN	0.0	NaN	
61	16	0.6644046264418219	23.4	0.21707113780693446	480231.528863039	145.5761975611642	45.65524105230032	0.32869558142705385	6.644046264418218	0.4188504183510443	
62	9	NaN	NaN	0.0	NaN	NaN	NaN	NaN	0.0	NaN	
62	16	0.6969797859151415	23.4	0.22654408587166386	505237.58577477385	153.34367155686726	48.02987255228898	0.32810915373538235	6.969797859151416	0.42015033527504053	
63	9	NaN	NaN	0.0	NaN	NaN	NaN	NaN	0.0	NaN	
63	16	0.7308321849550572	24.0	0.23575991043224445	522339.08786861226	161.36390600923252	50.45151875895448	0.3273414616263578	7.3083218495505715	0.42287320228700837	
64	9	NaN	NaN	0.0	NaN	NaN	NaN	NaN	0.0	NaN	
64	16	0.7665270803550641	25.2	0.2442689470193299	532721.8009157002	169.46603479910397	53.02825269514331	0.32747363851341754	7.665270803550642	0.42456941091461053	
65	9	NaN	NaN	0.0	NaN	NaN	NaN	NaN	0.0	NaN	
65	16	0.8031356027241954	26.1	0.2535410770735859	547238.1914650917	177.73406615251682	55.78553665845203	0.3283617106595364	8.031356027241953	0.4218640663197049	
66	9	NaN	NaN	0.0	NaN	NaN	NaN	NaN	0.0	NaN	
66	16	0.8431101630327333	25.5	0.26315246169695167	571907.0766718445	186.45788150806982	58.761825606160315	0.32959971321249426	8.431101630327333	0.4241270584168315	
67	9	NaN	NaN	0.0	NaN	NaN	NaN	NaN	0.0	NaN	
67	16	0.8837284268628585	27.1	0.27271571253802146	596764.4500481291	195.52457696706276	61.78573382537845	0.33036091673563367	8.837284268628585	0.4258520028090039	
68	9	NaN	NaN	0.0	NaN	NaN	NaN	NaN	0.0	NaN	
68	16	0.9271981102502979	26.5	0.28209615572058444	623066.7196299711	205.02005777519025	65.06475461075493	0.33164362686514604	9.271981102502979	0.4215357899367783	
69	9	NaN	NaN	0.0	NaN	NaN	NaN	NaN	0.0	NaN	
69	16	0.9708711583956937	27.7	0.2928944173042531	652729.0160617126	214.90043257956268	68.51084263924217	0.3330033666940913	9.708711583956937	0.42074859970324247	
70	9	NaN	NaN	0.0	NaN	NaN	NaN	NaN	0.0	NaN	
70	16	1.0131850946701568	24.8	0.30174788239258576	667544.7731507161	224.92144408010213	71.98645611678485	0.3341545391887214	10.131850946701569	0.42257730056310777	
71	9	NaN	NaN	0.0	NaN	NaN	NaN	NaN	0.0	NaN	
71	16	1.057394215090264	28.2	0.3113779189008027	688546.4823903779	235.2538947629924	75.60497706216367	0.33538560958683344	10.57394215090264	0.42689959243608533	
72	9	NaN	NaN	0.0	NaN	NaN	NaN	NaN	0.0	NaN	
72	16	1.1038309025831343	27.1	0.32043776177241334	697862.0352827185	245.78107493903258	79.12735113211889	0.3358075090699318	11.038309025831344	0.4264590107875314	
73	9	NaN	NaN	0.0	NaN	NaN	NaN	NaN	0.0	NaN	
73	16	1.150484970485985	26.5	0.3294972594448424	710986.011845331	256.40606788443307	82.72872025200628	0.3363830127055898	11.50484970485985	0.4209767888978105	
74	9	NaN	NaN	0.0	NaN	NaN	NaN	NaN	0.0	NaN	
74	16	1.1975295587535963	27.2	0.3387220571463943	718873.8039708033	267.08683608717854	86.3475143866374	0.3369070924885977	11.975295587535964	0.4218656958142822	
75	9	NaN	NaN	0.0	NaN	NaN	NaN	NaN	0.0	NaN	
75	16	1.2424069038933512	26.4	0.34780978095054316	740846.705681535	277.99736058240387	89.85295039792271	0.3366572688067211	12.424069038933512	0.42282658204396584	
76	9	NaN	NaN	0.0	NaN	NaN	NaN	NaN	0.0	NaN	
76	16	1.291115067677847	29.8	0.35671731361649867	784114.5821028228	289.652820426363	93.50621890072802	0.33606747749258664	12.911150676778469	0.42327681761102204	
77	9	NaN	NaN	0.0	NaN	NaN	NaN	NaN	0.0	NaN	
77	16	1.340354968350764	29.7	0.3646622492381206	802762.6490369965	301.46050584419476	97.3145610355788	0.33588859825256395	13.403549683507642	0.41714753553536693	
78	9	NaN	NaN	0.0	NaN	NaN	NaN	NaN	0.0	NaN	
78	16	1.3959470859709717	27.5	0.3746183229663177	842326.8876193039	313.92134122267464	101.50654762800346	0.3363006893387116	13.959470859709716	0.4187944994787447	
79	9	NaN	NaN	0.0	NaN	NaN	NaN	NaN	0.0	NaN	
79	16	1.4543184683780601	26.2	0.3830792717301229	866500.0761562146	326.6564490603109	106.0102365964893	0.33747326230624475	14.543184683780602	0.41958010023028214	
80	9	NaN	NaN	0.0	NaN	NaN	NaN	NaN	0.0	NaN	
80	16	1.5155994074359678	29.4	0.3942311562892364	869127.9040633917	339.4872950253781	110.62323732179316	0.3388814725597834	15.155994074359677	0.4221330787178148	
81	9	NaN	NaN	0.0	NaN	NaN	NaN	NaN	0.0	NaN	
81	16	1.5746093409659583	32.6	0.40444502631047113	892801.894316062	352.4633093771349	115.27528743611838	0.34023638458091593	15.746093409659583	0.41619379982017823	
82	9	NaN	NaN	0.0	NaN	NaN	NaN	NaN	0.0	NaN	
82	16	1.637658220010006	31.9	0.41498770725190887	921952.8804216873	366.02917210321937	120.01018036719458	0.34133907407265895	16.37658220010006	0.4174557696181921	
83	9	NaN	NaN	0.0	NaN	NaN	NaN	NaN	0.0	NaN	
83	16	1.6954508489681384	33.0	0.4232353612885573	964354.9304420704	379.9285423076146	124.79802292300137	0.34228219811753907	16.954508489681384	0.41617843876483607	
84	9	NaN	NaN	0.0	NaN	NaN	NaN	NaN	0.0	NaN	
84	16	1.7548119342891801	34.6	0.4327746761611296	995325.1332302209	394.3679777573191	129.73936765535493	0.34312898678940335	17.548119342891802	0.41673771305198715	
85	9	NaN	NaN	0.0	NaN	NaN	NaN	NaN	0.0	NaN	
85	16	1.8125083328861387	33.6	0.4417922033796396	1011350.8270144606	408.95251190393134	134.61458896560856	0.34335350242341484	18.125083328861386	0.4117204978724069	
86	9	NaN	NaN	0.0	NaN	NaN	NaN	NaN	0.0	NaN	
86	16	1.8696522950254746	34.5	0.4504393382204121	1029644.6527441222	423.6658125443684	139.50862628083055	0.3433910769493039	18.696522950254746	0.4121636003787482	
87	9	NaN	NaN	0.0	NaN	NaN	NaN	NaN	0.0	NaN	
87	16	1.9236903143045776	32.2	0.45910840469261843	1042411.5771905212	438.2865068253367	144.5837365925577	0.34382584529091836	19.236903143045776	0.4116884986265195	
88	9	NaN	NaN	0.0	NaN	NaN	NaN	NaN	0.0	NaN	
88	16	1.9845500888109284	34.0	0.467862452024714	1067507.3120903675	453.5963643947998	149.88996812985278	0.34431625004243194	19.845500888109285	0.4122322830700492	
89	9	NaN	NaN	0.0	NaN	NaN	NaN	NaN	0.0	NaN	
89	16	2.0338166644483477	36.9	0.4754164245495928	1072109.0758112688	468.34541140329685	155.310909470218	0.3454392327707212	20.338166644483476	0.4080673837811558	
90	9	NaN	NaN	0.0	NaN	NaN	NaN	NaN	0.0	NaN	
90	16	2.081813848051726	36.7	0.48207806381226387	1085523.2048655464	483.1813887479363	160.67056331106616	0.34612494231162866	20.81813848051726	0.4089525213182064	
91	9	NaN	NaN	0.0	NaN	NaN	NaN	NaN	0.0	NaN	
91	16	2.1281725479591205	37.0	0.48891785669221693	1117269.1273630392	498.32040925488826	166.11001769474825	0.34676224636438935	21.281725479591206	0.41001467053478896	
92	9	NaN	NaN	0.0	NaN	NaN	NaN	NaN	0.0	NaN	
92	16	2.183593662539163	35.4	0.49624037736851834	1123061.484185222	513.9183120581847	171.64174306323577	0.34727215395265065	21.835936625391632	0.40973161540155556	
93	9	NaN	NaN	0.0	NaN	NaN	NaN	NaN	0.0	NaN	
93	16	2.235165048078112	35.9	0.5016881891096752	1128573.8092972268	529.3877633145485	177.2388026485585	0.3480369709719901	22.35165048078112	0.4057271139387678	
94	9	NaN	NaN	0.0	NaN	NaN	NaN	NaN	0.0	NaN	
94	16	2.278663964731124	36.5	0.5073002357863711	1135100.5595260758	544.4591706871553	182.68744560591387	0.34876015887015754	22.786639647311244	0.40520775034113854	
95	9	NaN	NaN	0.0	NaN	NaN	NaN	NaN	0.0	NaN	
95	16	2.3296016488771434	37.8	0.5128414283895665	1135120.615208981	559.7579051975346	188.06658668492142	0.34905933152648605	23.296016488771432	0.4078031657075357	
96	9	NaN	NaN	0.0	NaN	NaN	NaN	NaN	0.0	NaN	
96	16	2.384867474687288	36.0	0.5179590844233078	1150380.9212128636	575.3511157061437	193.51836005722154	0.34928227506167947	23.84867474687288	0.40672664673555603	
97	9	NaN	NaN	0.0	NaN	NaN	NaN	NaN	0.0	NaN	
97	16	2.437524990504255	37.3	0.5254633815663671	1175280.5676104506	590.9300477336803	199.22966247337524	0.3499681085167619	24.375249905042548	0.4073732133146418	
98	9	NaN	NaN	0.0	NaN	NaN	NaN	NaN	0.0	NaN	
98	16	2.4824129547932356	37.0	0.5288560676643368	1165979.6130773872	605.8180131591432	204.96332729160517	0.350973124554224	24.82412954793236	0.4005533044719483	
99	9	NaN	NaN	0.0	NaN	NaN	NaN	NaN	0.0	NaN	
99	16	2.514513859698773	37.5	0.534112647989214	1151033.2216969174	619.6480751311257	210.47081131395248	0.3519603151190879	25.14513859698773	0.4015243301212855	
100	9	NaN	NaN	0.0	NaN	NaN	NaN	NaN	0.0	NaN	
100	16	2.5503752423834776	35.3	0.539233279800248	1161044.3154453745	633.7864466901501	215.9349071238868	0.3527241321769096	25.503752423834776	0.40237989081164116	
