time(d)	species	LAI	nrShoots	fAbs	assCO2(umol/m2)	biomAbove(gr/m2)	yield(gr/m2)	harvestIndex	leafArea	fieldRFR	
1	9	NaN	NaN	0.0	NaN	NaN	NaN	NaN	0.0	NaN	
1	16	0.0	10.0	0.0	0.0	3.0	0.0	NaN	0.0	1.200000000000002	
2	9	NaN	NaN	0.0	NaN	NaN	NaN	NaN	0.0	NaN	
2	16	0.0	10.0	0.0	0.0	2.9438614596153565	0.0	NaN	0.0	1.200000000000002	
3	9	NaN	NaN	0.0	NaN	NaN	NaN	NaN	0.0	NaN	
3	16	0.019289012997215617	10.0	0.0	0.0	1.9498312379516427	0.0	0.0	0.19289012997215615	1.200000000000002	
4	9	NaN	NaN	0.0	NaN	NaN	NaN	NaN	0.0	NaN	
4	16	0.023091620455688844	10.0	0.004644605103523859	19365.75428056519	2.2643652517314976	0.0	0.0	0.23091620455688844	0.42572684540723726	
5	9	NaN	NaN	0.0	NaN	NaN	NaN	NaN	0.0	NaN	
5	16	0.026114904901618628	10.0	0.006142367549594873	15364.137762146594	2.5170189225181145	0.0	0.0	0.2611490490161863	0.509836693223025	
6	9	NaN	NaN	0.0	NaN	NaN	NaN	NaN	0.0	NaN	
6	16	0.02963777200782709	10.0	0.007770967012595512	18173.393689393553	2.816799529414727	0.0	0.0	0.2963777200782709	0.6008715531432167	
7	9	NaN	NaN	0.0	NaN	NaN	NaN	NaN	0.0	NaN	
7	16	0.03411386549502848	10.0	0.009451762440272285	21673.831978111655	3.1755675117439575	0.0	0.0	0.3411386549502848	0.46471944976236756	
8	9	NaN	NaN	0.0	NaN	NaN	NaN	NaN	0.0	NaN	
8	16	0.04025586763059313	10.0	0.011958555933227113	26369.40242571446	3.613754481954151	0.0	0.0	0.4025586763059313	0.5301809677508235	
9	9	NaN	NaN	0.0	NaN	NaN	NaN	NaN	0.0	NaN	
9	16	0.04824304779128792	11.3	0.015324473312695678	32526.712094687588	4.1563009240993685	0.0	0.0	0.48243047791287924	0.6088775700695809	
10	9	NaN	NaN	0.0	NaN	NaN	NaN	NaN	0.0	NaN	
10	16	0.05790841276519722	11.0	0.018714798745747392	40470.58785429715	4.833640492579509	0.0	0.0	0.5790841276519721	0.49277484462389365	
11	9	NaN	NaN	0.0	NaN	NaN	NaN	NaN	0.0	NaN	
11	16	0.06948100942461857	11.1	0.023102260059261227	49464.128277614494	5.629611302875265	0.0	0.0	0.6948100942461858	0.5475323744259476	
12	9	NaN	NaN	0.0	NaN	NaN	NaN	NaN	0.0	NaN	
12	16	0.08435068745491202	12.6	0.02775690093362647	61803.20684952836	6.6498472972687095	0.0	0.0	0.8435068745491202	0.5655674523521245	
13	9	NaN	NaN	0.0	NaN	NaN	NaN	NaN	0.0	NaN	
13	16	0.10104259618322023	12.5	0.03237293062743793	74390.95439955372	7.882107319780343	0.0	0.0	1.0104259618322022	0.49259903460778753	
14	9	NaN	NaN	0.0	NaN	NaN	NaN	NaN	0.0	NaN	
14	16	0.12082431405076213	12.5	0.03814584375545372	87612.4550029186	9.355951334596245	0.0	0.0	1.2082431405076213	0.5328282889602867	
15	9	NaN	NaN	0.0	NaN	NaN	NaN	NaN	0.0	NaN	
15	16	0.14484701291623842	11.9	0.04488264845757757	104106.75422701558	11.094359702168607	0.0	0.0	1.4484701291623843	0.5608778252745804	
16	9	NaN	NaN	0.0	NaN	NaN	NaN	NaN	0.0	NaN	
16	16	0.17390233517174264	13.6	0.053844001570873455	124025.57366182868	13.181185209409014	0.0	0.0	1.7390233517174263	0.5940293196731116	
17	9	NaN	NaN	0.0	NaN	NaN	NaN	NaN	0.0	NaN	
17	16	0.2051057576687168	12.5	0.06433210433695984	147073.07414520538	15.627868130763385	0.0	0.0	2.051057576687168	0.5515325283931738	
18	9	NaN	NaN	0.0	NaN	NaN	NaN	NaN	0.0	NaN	
18	16	0.24276793221081389	13.0	0.07648343746596924	175328.94821833854	18.57828721889837	0.0	0.0	2.4276793221081387	0.5778446089922672	
19	9	NaN	NaN	0.0	NaN	NaN	NaN	NaN	0.0	NaN	
19	16	0.2874850743919041	14.3	0.09124743503244044	208880.67380842313	22.0756614261666	0.0	0.0	2.8748507439190414	0.6070280260646663	
20	9	NaN	NaN	0.0	NaN	NaN	NaN	NaN	0.0	NaN	
20	16	0.33900402632217413	14.9	0.10894670616469053	245700.26637279024	26.152231474870824	0.0	0.0	3.3900402632217412	0.5884595235650215	
21	9	NaN	NaN	0.0	NaN	NaN	NaN	NaN	0.0	NaN	
21	16	0.3978801528142212	13.6	0.13171623286370818	292082.11642521777	31.095768924877973	0.0	0.0	3.9788015281422116	0.6142936124304714	
22	9	NaN	NaN	0.0	NaN	NaN	NaN	NaN	0.0	NaN	
22	16	0.46453543490822236	14.1	0.1568129266006842	344883.84108762804	37.127927983017074	0.0	0.0	4.645354349082224	0.643530690972534	
23	9	NaN	NaN	0.0	NaN	NaN	NaN	NaN	0.0	NaN	
23	16	0.5328375309276356	14.6	0.18438084939080537	394998.40258355497	44.28427091837151	0.0	0.0	5.328375309276356	0.6627106931470073	
24	9	NaN	NaN	0.0	NaN	NaN	NaN	NaN	0.0	NaN	
24	16	0.6005790104462511	16.0	0.21294545560158212	459746.5532251142	53.04894179572308	0.0	0.0	6.005790104462511	0.6469329584004809	
25	9	NaN	NaN	0.0	NaN	NaN	NaN	NaN	0.0	NaN	
25	16	0.6687918341835334	14.7	0.2382635675936815	522495.8168890832	63.07516256397802	0.0	0.0	6.687918341835334	0.6598243001793702	
26	9	NaN	NaN	0.0	NaN	NaN	NaN	NaN	0.0	NaN	
26	16	0.7388244423484414	15.7	0.2643499495751568	580321.9214749502	74.21356121465969	0.0	0.0	7.388244423484413	0.6692511573060352	
27	9	NaN	NaN	0.0	NaN	NaN	NaN	NaN	0.0	NaN	
27	16	0.8120697860359044	16.9	0.28976718603825724	640577.4214365815	86.79608516858174	0.0	0.0	8.120697860359044	0.6543108250443886	
28	9	NaN	NaN	0.0	NaN	NaN	NaN	NaN	0.0	NaN	
28	16	0.8810506327205735	16.1	0.31580560881066555	691195.3242566402	100.44415305310933	0.0	0.0	8.810506327205735	0.6630088954700437	
29	9	NaN	NaN	0.0	NaN	NaN	NaN	NaN	0.0	NaN	
29	16	0.960400708598778	16.1	0.3391695450309248	750641.1268424905	115.29963726842762	0.0	0.0	9.60400708598778	0.6617802670242443	
30	9	NaN	NaN	0.0	NaN	NaN	NaN	NaN	0.0	NaN	
30	16	1.042596622743356	16.0	0.3631614742451279	801063.947272796	131.13230392620363	0.0	0.0	10.42596622743356	0.6709397616519983	
31	9	NaN	NaN	0.0	NaN	NaN	NaN	NaN	0.0	NaN	
31	16	1.1229184796102936	17.2	0.38478563127075494	854974.6815058377	148.12284263773333	0.0	0.0	11.229184796102935	0.6478425273659428	
32	9	NaN	NaN	0.0	NaN	NaN	NaN	NaN	0.0	NaN	
32	16	1.2020481628971655	16.4	0.40603536302248017	905997.4394640566	166.4903446424738	0.0	0.0	12.020481628971655	0.642155185846675	
33	9	NaN	NaN	0.0	NaN	NaN	NaN	NaN	0.0	NaN	
33	16	1.2860284621971614	18.1	0.42568109765914725	958232.5060401771	185.5427250660887	0.0	0.0	12.860284621971614	0.638301682750996	
34	9	NaN	NaN	0.0	NaN	NaN	NaN	NaN	0.0	NaN	
34	16	1.3697611353341765	18.0	0.4428349333523743	1024496.3529956847	205.81604927815823	0.0	0.0	13.697611353341765	0.6219500478102222	
35	9	NaN	NaN	0.0	NaN	NaN	NaN	NaN	0.0	NaN	
35	16	1.4538985852830875	17.7	0.4599801975548916	1066606.9054434763	227.06707288799447	0.0	0.0	14.538985852830875	0.6170838465785252	
36	9	NaN	NaN	0.0	NaN	NaN	NaN	NaN	0.0	NaN	
36	16	1.5355435615829138	17.8	0.47688589404493775	1101145.7848352839	249.08351571069687	0.0	0.0	15.355435615829139	0.6109830490138216	
37	9	NaN	NaN	0.0	NaN	NaN	NaN	NaN	0.0	NaN	
37	16	1.6187889365435157	17.7	0.4934813232572026	1146807.4701876107	271.5165143075374	0.0	0.0	16.187889365435158	0.6085022134638349	
38	9	NaN	NaN	0.0	NaN	NaN	NaN	NaN	0.0	NaN	
38	16	1.70981391124915	19.6	0.5066617173319999	1184042.7227114527	293.096694212309	3.1588115996599333	0.02310508001435804	17.0981391124915	0.5904818173936629	
39	9	NaN	NaN	0.0	NaN	NaN	NaN	NaN	0.0	NaN	
39	16	1.7933099481984214	19.9	0.5222109670175361	1246068.448676442	314.37535067249667	9.101890510853861	0.06084022635120933	17.933099481984215	0.5838809329179923	
40	9	NaN	NaN	0.0	NaN	NaN	NaN	NaN	0.0	NaN	
40	16	1.8732311916794369	17.7	0.5351652069045576	1298904.6586897715	335.53693646527535	17.46345678251501	0.10601737644322874	18.73231191679437	0.5791848007052441	
41	9	NaN	NaN	0.0	NaN	NaN	NaN	NaN	0.0	NaN	
41	16	1.959149572074742	18.4	0.5465158584660581	1338803.5640565408	356.20160484547586	27.892868099638015	0.15270669213559632	19.59149572074742	0.5734657430238239	
42	9	NaN	NaN	0.0	NaN	NaN	NaN	NaN	0.0	NaN	
42	16	2.047399036690842	19.3	0.5566384593873599	1333377.7955008363	375.1989279165863	40.322001880172294	0.19888505619613212	20.473990366908417	0.561303471023687	
43	9	NaN	NaN	0.0	NaN	NaN	NaN	NaN	0.0	NaN	
43	16	2.1445540077974368	21.3	0.5664923751865885	1337523.4478874197	393.8489086074209	54.32920594823262	0.2418431699803838	21.445540077974368	0.5575155990445192	
44	9	NaN	NaN	0.0	NaN	NaN	NaN	NaN	0.0	NaN	
44	16	2.226532136065916	22.3	0.5743726839549991	1340318.7276127755	411.296501858082	69.40155591464539	0.28121921271382394	22.26532136065916	0.5560233471359339	
45	9	NaN	NaN	0.0	NaN	NaN	NaN	NaN	0.0	NaN	
45	16	2.303895573104731	20.6	0.5812193219974531	1350282.9303150093	427.7868719103594	85.5497042651642	0.31663637656617766	23.03895573104731	0.5472278655250974	
46	9	NaN	NaN	0.0	NaN	NaN	NaN	NaN	0.0	NaN	
46	16	2.387629050520529	21.4	0.5852954251725101	1369221.1877066647	444.31410902806203	102.41092794264974	0.347548117592862	23.87629050520529	0.5477602269908695	
47	9	NaN	NaN	0.0	NaN	NaN	NaN	NaN	0.0	NaN	
47	16	2.4577681227495294	21.7	0.5889672011497467	1400843.7049455154	460.6583011557357	119.60425736139703	0.3756390045969461	24.577681227495294	0.5514229682588606	
48	9	NaN	NaN	0.0	NaN	NaN	NaN	NaN	0.0	NaN	
48	16	2.5169972470001634	21.5	0.5916287524601155	1403855.2173595326	476.5377166971085	136.71177068395508	0.4003361744649373	25.169972470001632	0.5544301016906682	
49	9	NaN	NaN	0.0	NaN	NaN	NaN	NaN	0.0	NaN	
49	16	2.565467618523509	24.1	0.5924078940379603	1389996.7631288003	491.20426266223615	153.54776424844562	0.4216246798402996	25.654676185235086	0.5516948179310752	
50	9	NaN	NaN	0.0	NaN	NaN	NaN	NaN	0.0	NaN	
50	16	2.617538329906041	24.0	0.5946423225031526	1399580.5229244095	506.14735856657234	169.84366436519193	0.4393568633689871	26.175383299060407	0.5558745389657725	
51	9	NaN	NaN	0.0	NaN	NaN	NaN	NaN	0.0	NaN	
51	16	2.6828545277445097	24.7	0.5989814750096282	1414976.5837200629	522.7453646680464	185.08709938563223	0.45332079885374543	26.828545277445098	0.5606677235508996	
52	9	NaN	NaN	0.0	NaN	NaN	NaN	NaN	0.0	NaN	
52	16	2.7448473720684423	27.4	0.6024994106971441	1417936.6369416302	539.6987497719244	199.02890559108153	0.4644121226750268	27.448473720684422	0.5650212020749732	
53	9	NaN	NaN	0.0	NaN	NaN	NaN	NaN	0.0	NaN	
53	16	2.813632854906884	24.9	0.6045736381965993	1441072.407177031	557.5838956150483	211.6242153214523	0.4720653677689493	28.13632854906884	0.5560474276264915	
54	9	NaN	NaN	0.0	NaN	NaN	NaN	NaN	0.0	NaN	
54	16	2.8753276839688144	22.5	0.6080269948556043	1465879.1336362257	575.8306833399521	222.53228504771678	0.4774774367805842	28.753276839688144	0.5574629546074923	
55	9	NaN	NaN	0.0	NaN	NaN	NaN	NaN	0.0	NaN	
55	16	2.926086975007025	26.5	0.6126484699471484	1473262.1886183026	593.7585070984384	232.80148267026934	0.48272936931948224	29.26086975007025	0.5583994838228282	
56	9	NaN	NaN	0.0	NaN	NaN	NaN	NaN	0.0	NaN	
56	16	2.9808030799994016	25.4	0.6157051186376072	1484043.0913529343	612.1747781777899	243.12560044113016	0.487578432106269	29.808030799994015	0.5584046849784912	
57	9	NaN	NaN	0.0	NaN	NaN	NaN	NaN	0.0	NaN	
57	16	3.0315080775305443	27.9	0.6198924186945753	1487880.4374800571	630.7442148824632	253.65332162184245	0.49276210043906404	30.315080775305443	0.5495172086903183	
58	9	NaN	NaN	0.0	NaN	NaN	NaN	NaN	0.0	NaN	
58	16	3.0645820256067706	27.5	0.6223397175872138	1506580.3480318568	648.5697100875344	264.21981985588025	0.4985345469196528	30.645820256067704	0.5503969578042569	
59	9	NaN	NaN	0.0	NaN	NaN	NaN	NaN	0.0	NaN	
59	16	3.1131112005624404	25.7	0.6261787100706472	1515284.7750836373	667.2052129187005	274.8280707488422	0.5033520357263219	31.131112005624406	0.5492800383024085	
60	9	NaN	NaN	0.0	NaN	NaN	NaN	NaN	0.0	NaN	
60	16	3.1507152996258383	26.2	0.6296154769480959	1527324.8321858947	685.324677727802	285.4699149694411	0.5083227790504521	31.507152996258384	0.550565399629998	
61	9	NaN	NaN	0.0	NaN	NaN	NaN	NaN	0.0	NaN	
61	16	3.199832322767643	30.4	0.6320677883895495	1519958.7891879815	703.8050265828359	296.30340448701185	0.5124257962958125	31.99832322767643	0.5413640058830607	
62	9	NaN	NaN	0.0	NaN	NaN	NaN	NaN	0.0	NaN	
62	16	3.2971169734821535	29.2	0.6364970561979979	1537449.2269660088	724.5671579175416	307.15941716021	0.5135560728214649	32.97116973482154	0.5395796930062378	
63	9	NaN	NaN	0.0	NaN	NaN	NaN	NaN	0.0	NaN	
63	16	3.36142303676992	28.6	0.6395793876254278	1534077.2679059876	742.7636670824708	318.1005061362816	0.5161189137539076	33.6142303676992	0.5389710405036581	
64	9	NaN	NaN	0.0	NaN	NaN	NaN	NaN	0.0	NaN	
64	16	3.4000354233721843	27.7	0.6426272796082078	1526666.3405994566	759.1767557996722	329.0804320937576	0.5199268218627723	34.00035423372184	0.5378789797126761	
65	9	NaN	NaN	0.0	NaN	NaN	NaN	NaN	0.0	NaN	
65	16	3.4636977139633265	32.8	0.6454280073283475	1504744.6834016282	776.4571344734456	340.1469966011129	0.5226163378240369	34.63697713963327	0.5313363706882185	
66	9	NaN	NaN	0.0	NaN	NaN	NaN	NaN	0.0	NaN	
66	16	3.5043426996549547	30.3	0.646304444555738	1515432.8581830417	792.7143955752565	351.2848881113385	0.5262888586289203	35.04342699654955	0.5309094408883797	
67	9	NaN	NaN	0.0	NaN	NaN	NaN	NaN	0.0	NaN	
67	16	3.5577069011193054	35.3	0.6481199562984217	1514965.6895845772	808.9679676780054	362.53496021466276	0.5291571405672313	35.57706901119305	0.5309085099159649	
68	9	NaN	NaN	0.0	NaN	NaN	NaN	NaN	0.0	NaN	
68	16	3.6167999324034503	35.0	0.6501120426291774	1543258.882048868	825.5658254578241	374.21777948830197	0.5320228017625579	36.167999324034504	0.524906133873687	
69	9	NaN	NaN	0.0	NaN	NaN	NaN	NaN	0.0	NaN	
69	16	3.641759793707846	32.9	0.6530730279277202	1546282.6882632363	840.3555867080122	386.0701575660361	0.5363185416414677	36.41759793707846	0.5263811684276294	
70	9	NaN	NaN	0.0	NaN	NaN	NaN	NaN	0.0	NaN	
70	16	3.6681469190113374	33.5	0.6539046672828402	1555617.2334793932	855.479677377806	398.02450148641503	0.5403619943002717	36.681469190113376	0.5247011709476392	
71	9	NaN	NaN	0.0	NaN	NaN	NaN	NaN	0.0	NaN	
71	16	3.7014316539236267	33.3	0.6545868074826086	1550144.8181414357	870.6277762958161	410.17566013015784	0.5440730904304034	37.01431653923627	0.5265520046690394	
72	9	NaN	NaN	0.0	NaN	NaN	NaN	NaN	0.0	NaN	
72	16	3.7602315856007764	36.6	0.657211362956841	1547128.1195353088	886.5265692983276	422.28530422372467	0.5463745544943406	37.60231585600776	0.5251566655106584	
73	9	NaN	NaN	0.0	NaN	NaN	NaN	NaN	0.0	NaN	
73	16	3.781551860807659	36.5	0.6575258117296533	1527368.3885131855	899.7302940871298	434.4063308502365	0.550017679902562	37.81551860807659	0.5179616552861	
74	9	NaN	NaN	0.0	NaN	NaN	NaN	NaN	0.0	NaN	
74	16	3.792337010038429	36.8	0.6586004845787607	1511089.0264197718	912.124784608591	446.30528815891194	0.5537674384360669	37.92337010038429	0.5191708092200756	
75	9	NaN	NaN	0.0	NaN	NaN	NaN	NaN	0.0	NaN	
75	16	3.8074410629052773	35.7	0.6590689784205305	1504812.9779206861	924.8483526781607	457.78175495768676	0.5567569519141357	38.07441062905277	0.5191328872563732	
76	9	NaN	NaN	0.0	NaN	NaN	NaN	NaN	0.0	NaN	
76	16	3.8060100744127476	37.0	0.6603325136054227	1547372.475841314	937.6644277760304	469.2812243296995	0.5602002959799331	38.060100744127475	0.5204138410996038	
77	9	NaN	NaN	0.0	NaN	NaN	NaN	NaN	0.0	NaN	
77	16	3.872121223845479	43.1	0.663373219619758	1557733.204359761	954.0212304054845	480.99094739422947	0.5611681097522645	38.72121223845479	0.5131991409548359	
78	9	NaN	NaN	0.0	NaN	NaN	NaN	NaN	0.0	NaN	
78	16	3.9317777808871908	38.4	0.6657563449229017	1600744.1801383866	970.5956311678804	492.99561214066034	0.5626318939108331	39.31777780887191	0.5142266922230958	
79	9	NaN	NaN	0.0	NaN	NaN	NaN	NaN	0.0	NaN	
79	16	3.960236086440345	39.4	0.6687378852621142	1610406.0433701533	985.7319481625962	505.0596392352365	0.565386686202526	39.60236086440345	0.5135529679256867	
80	9	NaN	NaN	0.0	NaN	NaN	NaN	NaN	0.0	NaN	
80	16	3.986716172123451	40.8	0.6698509142744424	1574914.2319460022	1000.2851546507321	516.9836186441235	0.5681927150218954	39.86716172123451	0.5151840392318764	
81	9	NaN	NaN	0.0	NaN	NaN	NaN	NaN	0.0	NaN	
81	16	3.996824847124766	40.9	0.6689854511756775	1578435.5124876539	1013.8022406685835	528.9153979131195	0.5714131525580731	39.96824847124766	0.5096339113465426	
82	9	NaN	NaN	0.0	NaN	NaN	NaN	NaN	0.0	NaN	
82	16	4.006481842708741	43.2	0.6714216677031802	1572748.9887695168	1027.1741810882431	540.8268827321338	0.5745321691821479	40.06481842708741	0.5096838041870305	
83	9	NaN	NaN	0.0	NaN	NaN	NaN	NaN	0.0	NaN	
83	16	4.029324916947404	43.5	0.6725826488360576	1606655.3881505188	1042.1994802728548	552.6988544749258	0.5770126861189177	40.293249169474045	0.5108616190021941	
84	9	NaN	NaN	0.0	NaN	NaN	NaN	NaN	0.0	NaN	
84	16	4.034047424862551	43.6	0.6743869736292175	1647739.681562408	1057.2118397814497	564.7202796450235	0.5800468568897043	40.340474248625505	0.5100216630807076	
85	9	NaN	NaN	0.0	NaN	NaN	NaN	NaN	0.0	NaN	
85	16	4.053435121589535	44.7	0.6763671638713131	1625921.6387712432	1072.5148552536607	576.5161552485091	0.5822800558444274	40.53435121589535	0.5045560637416641	
86	9	NaN	NaN	0.0	NaN	NaN	NaN	NaN	0.0	NaN	
86	16	4.097400448239041	44.2	0.678856430155015	1629709.099466798	1089.2180798628153	588.0849580163311	0.5835275934905362	40.974004482390406	0.5029996436407939	
87	9	NaN	NaN	0.0	NaN	NaN	NaN	NaN	0.0	NaN	
87	16	4.138369716273272	45.2	0.6810965440356525	1622457.7858918798	1105.4997890058446	599.5780852655589	0.5848814674381198	41.383697162732716	0.5028972888890956	
88	9	NaN	NaN	0.0	NaN	NaN	NaN	NaN	0.0	NaN	
88	16	4.1641019387652145	51.4	0.6827557918939066	1631645.2615280019	1121.061127341871	611.1104721742306	0.586774588715033	41.64101938765214	0.5040938555115638	
89	9	NaN	NaN	0.0	NaN	NaN	NaN	NaN	0.0	NaN	
89	16	4.172681477210831	47.1	0.6832787113495703	1614234.0889055047	1135.3557511426018	622.6331021433673	0.5891609303800854	41.726814772108305	0.4961388988442627	
90	9	NaN	NaN	0.0	NaN	NaN	NaN	NaN	0.0	NaN	
90	16	4.157112013833304	52.1	0.6833997636869289	1614636.9092429844	1148.26241527358	634.1555739455687	0.5921646338733115	41.571120138333036	0.49852062331876806	
91	9	NaN	NaN	0.0	NaN	NaN	NaN	NaN	0.0	NaN	
91	16	4.177525050549574	52.0	0.6863386484218765	1635686.0717493496	1163.6031104551566	645.7653169649712	0.5940476196385537	41.775250505495734	0.49862896315309746	
92	9	NaN	NaN	0.0	NaN	NaN	NaN	NaN	0.0	NaN	
92	16	4.208898104393462	49.8	0.6883178869239837	1616434.722936841	1179.6004844945878	656.9447798275171	0.5955527266962659	42.08898104393462	0.4989066798325779	
93	9	NaN	NaN	0.0	NaN	NaN	NaN	NaN	0.0	NaN	
93	16	4.226283598771706	51.7	0.6893101161399586	1597643.6307111562	1194.5482163086813	668.0879427460459	0.5974602606487707	42.262835987717054	0.49255387710281473	
94	9	NaN	NaN	0.0	NaN	NaN	NaN	NaN	0.0	NaN	
94	16	4.200415592423761	53.4	0.6898984409679906	1598615.4350062264	1207.0854555709793	679.0991397494691	0.6004816990215359	42.00415592423761	0.4932361282492947	
95	9	NaN	NaN	0.0	NaN	NaN	NaN	NaN	0.0	NaN	
95	16	4.201996566861534	56.0	0.6921254494423057	1607464.6469444102	1221.3070581035104	690.0011742040481	0.6025460811581489	42.01996566861534	0.4941262550742052	
96	9	NaN	NaN	0.0	NaN	NaN	NaN	NaN	0.0	NaN	
96	16	4.197812265039678	54.1	0.6928555786024702	1620306.7884841873	1235.3055183102592	700.938294709895	0.6047258211385219	41.978122650396784	0.4951127895755807	
97	9	NaN	NaN	0.0	NaN	NaN	NaN	NaN	0.0	NaN	
97	16	4.222363711923693	53.8	0.6960780860431447	1616319.2292495542	1250.7177654048155	711.8012290577423	0.6060486578639885	42.22363711923693	0.4956819735304033	
98	9	NaN	NaN	0.0	NaN	NaN	NaN	NaN	0.0	NaN	
98	16	4.221193779108458	57.0	0.6957594670431853	1589667.4950522352	1264.2772643789954	722.4613621572164	0.6080206849112844	42.21193779108458	0.48931072893440286	
99	9	NaN	NaN	0.0	NaN	NaN	NaN	NaN	0.0	NaN	
99	16	4.194700978132051	56.1	0.6967642002553014	1547815.5618507662	1275.701804132396	732.6657057018109	0.6105221607107143	41.94700978132051	0.4903208605715818	
100	9	NaN	NaN	0.0	NaN	NaN	NaN	NaN	0.0	NaN	
100	16	4.2087719318513415	55.4	0.6993804356753893	1547971.1964922508	1289.3112893872826	742.79100887886	0.6117930112278328	42.087719318513415	0.49085359196366496	
1	9	NaN	NaN	0.0	NaN	NaN	NaN	NaN	0.0	NaN	
1	16	0.0	10.0	0.0	0.0	3.0	0.0	NaN	0.0	1.200000000000002	
2	9	NaN	NaN	0.0	NaN	NaN	NaN	NaN	0.0	NaN	
2	16	0.0	10.0	0.0	0.0	2.9438614596153565	0.0	NaN	0.0	1.200000000000002	
3	9	NaN	NaN	0.0	NaN	NaN	NaN	NaN	0.0	NaN	
3	16	0.019289012997215617	10.0	0.0	0.0	1.9498312379516427	0.0	0.0	0.19289012997215615	1.200000000000002	
4	9	NaN	NaN	0.0	NaN	NaN	NaN	NaN	0.0	NaN	
4	16	0.023165923212068795	10.0	0.004889502665916011	19750.870674548896	2.2710770448411908	0.0	0.0	0.23165923212068795	0.5123984864130322	
5	9	NaN	NaN	0.0	NaN	NaN	NaN	NaN	0.0	NaN	
5	16	0.02629039526344217	10.0	0.0062537054025612335	15859.50023180743	2.5321868898352506	0.0	0.0	0.2629039526344217	0.5849373418667466	
6	9	NaN	NaN	0.0	NaN	NaN	NaN	NaN	0.0	NaN	
6	16	0.029883486708487943	10.0	0.008139614067160388	18522.137623376046	2.837943281307571	0.0	0.0	0.29883486708487944	0.638863873314985	
7	9	NaN	NaN	0.0	NaN	NaN	NaN	NaN	0.0	NaN	
7	16	0.034518984538051994	10.0	0.00984916643836668	22415.107576104045	3.209487845369847	0.0	0.0	0.34518984538051994	0.46992999341386016	
8	9	NaN	NaN	0.0	NaN	NaN	NaN	NaN	0.0	NaN	
8	16	0.040903811934012435	10.0	0.01245361469095558	27376.5288817143	3.664998623484179	0.0	0.0	0.40903811934012435	0.5344825046268121	
9	9	NaN	NaN	0.0	NaN	NaN	NaN	NaN	0.0	NaN	
9	16	0.049209176457077945	11.4	0.015814707520557088	33786.66074923756	4.229158424822165	0.0	0.0	0.49209176457077947	0.6027473355641493	
10	9	NaN	NaN	0.0	NaN	NaN	NaN	NaN	0.0	NaN	
10	16	0.05935640911583726	10.7	0.019721767531473866	42436.354641632206	4.940266821546444	0.0	0.0	0.5935640911583726	0.5067553385703794	
11	9	NaN	NaN	0.0	NaN	NaN	NaN	NaN	0.0	NaN	
11	16	0.07206096663418819	11.5	0.023729971470855118	51829.57857163458	5.802950899524896	0.0	0.0	0.720609666341882	0.5487913512144317	
12	9	NaN	NaN	0.0	NaN	NaN	NaN	NaN	0.0	NaN	
12	16	0.08757702149597874	11.9	0.029052360592611556	63598.606682387806	6.862717485959314	0.0	0.0	0.8757702149597874	0.5775936447613106	
13	9	NaN	NaN	0.0	NaN	NaN	NaN	NaN	0.0	NaN	
13	16	0.10495277134713026	11.8	0.034181480113909105	77334.39685501673	8.144033192455456	0.0	0.0	1.0495277134713026	0.5155031573495056	
14	9	NaN	NaN	0.0	NaN	NaN	NaN	NaN	0.0	NaN	
14	16	0.12523288124553356	12.1	0.04044210450217216	90705.6903141341	9.659202765089073	0.0	0.0	1.2523288124553356	0.5512787736241535	
15	9	NaN	NaN	0.0	NaN	NaN	NaN	NaN	0.0	NaN	
15	16	0.15024313529136085	12.0	0.047837412939216645	108023.42588438164	11.466599427974478	0.0	0.0	1.5024313529136084	0.5913715541994639	
16	9	NaN	NaN	0.0	NaN	NaN	NaN	NaN	0.0	NaN	
16	16	0.1805593063105861	13.2	0.05722454075754194	130642.89553582764	13.650391502030601	0.0	0.0	1.805593063105861	0.6107613077114109	
17	9	NaN	NaN	0.0	NaN	NaN	NaN	NaN	0.0	NaN	
17	16	0.21406768176266175	12.6	0.06836194975907463	155046.00969335373	16.26063272153431	0.0	0.0	2.1406768176266175	0.5760639230975495	
18	9	NaN	NaN	0.0	NaN	NaN	NaN	NaN	0.0	NaN	
18	16	0.2531431968729726	12.6	0.08236710702053299	184506.01816691662	19.338035097970184	0.0	0.0	2.5314319687297258	0.6046889348232388	
19	9	NaN	NaN	0.0	NaN	NaN	NaN	NaN	0.0	NaN	
19	16	0.3005271345304802	13.5	0.09819531093303431	219503.69477511122	23.033353058083495	0.0	0.0	3.005271345304802	0.627543793639555	
20	9	NaN	NaN	0.0	NaN	NaN	NaN	NaN	0.0	NaN	
20	16	0.3564433170433398	14.2	0.1173718006525661	261741.0626996942	27.44892467663294	0.0	0.0	3.5644331704333982	0.6039164112705746	
21	9	NaN	NaN	0.0	NaN	NaN	NaN	NaN	0.0	NaN	
21	16	0.4188578981725587	14.3	0.14135645668438115	312777.85088043433	32.77533139168897	0.0	0.0	4.188578981725587	0.6249450971265834	
22	9	NaN	NaN	0.0	NaN	NaN	NaN	NaN	0.0	NaN	
22	16	0.48941549906062454	14.0	0.167613171275284	366944.20866803144	39.21143798381236	0.0	0.0	4.894154990606245	0.6491918919868457	
23	9	NaN	NaN	0.0	NaN	NaN	NaN	NaN	0.0	NaN	
23	16	0.561367990978126	14.0	0.19698969776431327	429637.067381658	47.03441755890202	0.0	0.0	5.6136799097812595	0.6778070360585642	
24	9	NaN	NaN	0.0	NaN	NaN	NaN	NaN	0.0	NaN	
24	16	0.6318727713985189	14.2	0.22595374342340707	489555.64835130086	56.38866354511102	0.0	0.0	6.318727713985189	0.6593886729666453	
25	9	NaN	NaN	0.0	NaN	NaN	NaN	NaN	0.0	NaN	
25	16	0.7020535206821628	15.9	0.25328664734256134	557744.8963915068	67.13332282859952	0.0	0.0	7.020535206821628	0.6690104213605562	
26	9	NaN	NaN	0.0	NaN	NaN	NaN	NaN	0.0	NaN	
26	16	0.7746595694476273	15.8	0.27879907250363256	615768.5594067767	79.11727932772402	0.0	0.0	7.746595694476272	0.6815700434251241	
27	9	NaN	NaN	0.0	NaN	NaN	NaN	NaN	0.0	NaN	
27	16	0.8487365344918768	15.3	0.30400082532041445	671080.0780577699	92.4096454711004	0.0	0.0	8.487365344918768	0.6582406319357651	
28	9	NaN	NaN	0.0	NaN	NaN	NaN	NaN	0.0	NaN	
28	16	0.920027308988234	16.2	0.32896602309481715	720820.8836929316	106.9244914971799	0.0	0.0	9.20027308988234	0.6675830481106095	
29	9	NaN	NaN	0.0	NaN	NaN	NaN	NaN	0.0	NaN	
29	16	0.9986567147376751	16.3	0.3521157632748737	772624.0067241725	122.31647500380089	0.0	0.0	9.986567147376752	0.6651756725661773	
30	9	NaN	NaN	0.0	NaN	NaN	NaN	NaN	0.0	NaN	
30	16	1.0795118259300898	18.3	0.37474768205564024	820287.3831910398	138.64131403464654	0.0	0.0	10.795118259300898	0.6671714444292027	
31	9	NaN	NaN	0.0	NaN	NaN	NaN	NaN	0.0	NaN	
31	16	1.1600768761089761	17.4	0.39619019482710405	865310.2592516008	155.98211200537142	0.0	0.0	11.600768761089762	0.6490252329827071	
32	9	NaN	NaN	0.0	NaN	NaN	NaN	NaN	0.0	NaN	
32	16	1.2379618999590174	15.7	0.41752145695589526	919400.8218720348	174.60400839747814	0.0	0.0	12.379618999590173	0.6418090382738656	
33	9	NaN	NaN	0.0	NaN	NaN	NaN	NaN	0.0	NaN	
33	16	1.3197959891771334	18.7	0.43555688217832156	971161.3107289253	193.87637710361864	0.0	0.0	13.197959891771333	0.6369920801340233	
34	9	NaN	NaN	0.0	NaN	NaN	NaN	NaN	0.0	NaN	
34	16	1.4066143832375135	17.2	0.4533310626960102	1023483.1072606936	214.2687208285009	0.0	0.0	14.066143832375136	0.6184441879912815	
35	9	NaN	NaN	0.0	NaN	NaN	NaN	NaN	0.0	NaN	
35	16	1.4890887519391178	18.0	0.46949312985485414	1081776.6359551083	235.81816777419652	0.0	0.0	14.890887519391178	0.6128928852869392	
36	9	NaN	NaN	0.0	NaN	NaN	NaN	NaN	0.0	NaN	
36	16	1.5709450672433423	18.6	0.48616834408725307	1123284.0263536777	258.47657536429233	0.0	0.0	15.709450672433423	0.6080540077040629	
37	9	NaN	NaN	0.0	NaN	NaN	NaN	NaN	0.0	NaN	
37	16	1.6580176385506775	18.9	0.5011450525260134	1168274.5949399658	281.76731472440235	0.0	0.0	16.580176385506775	0.6018071822970449	
38	9	NaN	NaN	0.0	NaN	NaN	NaN	NaN	0.0	NaN	
38	16	1.7431147804771463	19.2	0.5149402975005326	1209184.743716708	303.8180481386124	3.1823445856783175	0.023036653310373897	17.431147804771463	0.5864991647930082	
39	9	NaN	NaN	0.0	NaN	NaN	NaN	NaN	0.0	NaN	
39	16	1.8275268605410762	17.7	0.5291332229699086	1263154.9020229182	325.5776739349133	9.175549295097028	0.06070619976076938	18.275268605410762	0.5812188382980322	
40	9	NaN	NaN	0.0	NaN	NaN	NaN	NaN	0.0	NaN	
40	16	1.9095076742970172	18.6	0.5416891953858842	1306392.8843337155	347.06081283110177	17.590908818417056	0.10566464580040906	19.09507674297017	0.5750568481159792	
41	9	NaN	NaN	0.0	NaN	NaN	NaN	NaN	0.0	NaN	
41	16	1.9908360829551186	21.4	0.5519297256952943	1335676.5015564463	367.47296006970475	28.07594931391288	0.1523340623277023	19.908360829551185	0.5709120219740665	
42	9	NaN	NaN	0.0	NaN	NaN	NaN	NaN	0.0	NaN	
42	16	2.082608162534254	20.8	0.560409699367889	1341523.240460576	386.94312047747337	40.59279188804646	0.1982001864706113	20.826081625342542	0.5577607948672383	
43	9	NaN	NaN	0.0	NaN	NaN	NaN	NaN	0.0	NaN	
43	16	2.176266796205529	20.3	0.5692044724088853	1351251.3398363204	405.71501669835015	54.755574706314164	0.24144257971251942	21.76266796205529	0.5540321658388548	
44	9	NaN	NaN	0.0	NaN	NaN	NaN	NaN	0.0	NaN	
44	16	2.264488714936136	21.1	0.5767885007610822	1353712.2357762358	423.5903362417772	70.12879906093389	0.280810810091881	22.64488714936136	0.5510023357170137	
45	9	NaN	NaN	0.0	NaN	NaN	NaN	NaN	0.0	NaN	
45	16	2.340033730026193	22.7	0.582702526753253	1347473.1093634118	439.51732309844846	86.55040810985952	0.31649905667667594	23.400337300261928	0.5439841592822665	
46	9	NaN	NaN	0.0	NaN	NaN	NaN	NaN	0.0	NaN	
46	16	2.398892946317686	21.6	0.5875263842465669	1356153.8062064522	453.88324889937303	103.61599294833404	0.3490238991358934	23.98892946317686	0.5470014886738905	
47	9	NaN	NaN	0.0	NaN	NaN	NaN	NaN	0.0	NaN	
47	16	2.4577866253913596	21.6	0.5899576376269893	1396078.3155494435	469.1152636399909	120.90429998000154	0.37763933507408676	24.577866253913598	0.5492959723799301	
48	9	NaN	NaN	0.0	NaN	NaN	NaN	NaN	0.0	NaN	
48	16	2.529557570143567	23.1	0.5929583313405961	1398818.119758633	485.15063094939285	138.04753638941992	0.40133944406206484	25.29557570143567	0.5526361588556916	
49	9	NaN	NaN	0.0	NaN	NaN	NaN	NaN	0.0	NaN	
49	16	2.5925219196003924	24.3	0.5937920601601512	1391323.248040332	500.322043633696	154.86265995535567	0.42158328723946364	25.925219196003923	0.5490121471856375	
50	9	NaN	NaN	0.0	NaN	NaN	NaN	NaN	0.0	NaN	
50	16	2.6421021117616497	23.0	0.5962753438083171	1401765.857306661	514.8075156962494	171.18446399425724	0.43943247217768	26.421021117616498	0.5553396334609482	
51	9	NaN	NaN	0.0	NaN	NaN	NaN	NaN	0.0	NaN	
51	16	2.693130913651402	25.3	0.6001807581266666	1415949.4567651448	530.1077141822218	186.62514295238276	0.4543713897414258	26.93130913651402	0.5586213101854225	
52	9	NaN	NaN	0.0	NaN	NaN	NaN	NaN	0.0	NaN	
52	16	2.7540679991816823	25.6	0.6031079663017905	1428150.623357386	546.6639278345892	200.90337792861197	0.4656583114423725	27.540679991816823	0.5621377735293662	
53	9	NaN	NaN	0.0	NaN	NaN	NaN	NaN	0.0	NaN	
53	16	2.8437124146060864	24.5	0.6054417744613438	1453244.1903838003	565.3511233239767	213.96108746718124	0.472275576007211	28.437124146060864	0.555631934276558	
54	9	NaN	NaN	0.0	NaN	NaN	NaN	NaN	0.0	NaN	
54	16	2.8915179041991474	25.0	0.6092670096880388	1465590.1623422648	582.1882829101136	225.37317746465473	0.4786366096024162	28.915179041991475	0.5572655436080752	
55	9	NaN	NaN	0.0	NaN	NaN	NaN	NaN	0.0	NaN	
55	16	2.9726916452274357	27.0	0.6141514925654031	1487597.9979895407	601.5065266104964	236.21032220924673	0.4823242480754214	29.726916452274356	0.5560355890421671	
56	9	NaN	NaN	0.0	NaN	NaN	NaN	NaN	0.0	NaN	
56	16	3.045674263565856	27.8	0.6192179410210317	1492980.4733893913	620.2112907743215	247.29503231870575	0.48653358923798157	30.456742635658557	0.5555015516043563	
57	9	NaN	NaN	0.0	NaN	NaN	NaN	NaN	0.0	NaN	
57	16	3.076582539978574	25.3	0.6204797620975043	1487309.7239625228	636.4580006384465	258.7574033986583	0.49321504894029006	30.76582539978574	0.546233731894043	
58	9	NaN	NaN	0.0	NaN	NaN	NaN	NaN	0.0	NaN	
58	16	3.1190642650686207	25.5	0.623867577540275	1521108.7598299086	653.753641613989	270.3075406013772	0.49884809001508884	31.190642650686208	0.5465343889233995	
59	9	NaN	NaN	0.0	NaN	NaN	NaN	NaN	0.0	NaN	
59	16	3.175356061435549	27.9	0.6277355610780175	1526837.293234507	671.579933427296	281.85093388730587	0.5035288430073074	31.75356061435549	0.5486142512248	
60	9	NaN	NaN	0.0	NaN	NaN	NaN	NaN	0.0	NaN	
60	16	3.2464064323544237	28.4	0.6313472382115309	1551097.5593902075	690.4045212590287	293.416617819647	0.5070854814340747	32.464064323544235	0.5487746621955043	
61	9	NaN	NaN	0.0	NaN	NaN	NaN	NaN	0.0	NaN	
61	16	3.308184933503891	27.3	0.6334272548507119	1550435.5141790565	708.6477270171406	305.08704857554926	0.5108879594576338	33.08184933503891	0.5394356357581872	
62	9	NaN	NaN	0.0	NaN	NaN	NaN	NaN	0.0	NaN	
62	16	3.3893568171199866	26.7	0.6363123419646478	1556739.980525264	727.4536103637517	316.6025151152977	0.5130957433406825	33.89356817119987	0.5389418215558794	
63	9	NaN	NaN	0.0	NaN	NaN	NaN	NaN	0.0	NaN	
63	16	3.4491866262544475	30.2	0.6385702147928655	1565779.1362697915	744.8977878503442	328.10178780911554	0.5160958953028986	34.49186626254448	0.5376307486324082	
64	9	NaN	NaN	0.0	NaN	NaN	NaN	NaN	0.0	NaN	
64	16	3.4890360088561643	31.0	0.6422075792382834	1544590.614095504	760.9636993288839	339.4601721145899	0.5200105051869229	34.89036008856164	0.5380489463515237	
65	9	NaN	NaN	0.0	NaN	NaN	NaN	NaN	0.0	NaN	
65	16	3.5483059062104845	31.6	0.6452651073993827	1524157.3668609592	777.7633491918458	350.82391350655814	0.5230895266200554	35.48305906210484	0.5302686571656828	
66	9	NaN	NaN	0.0	NaN	NaN	NaN	NaN	0.0	NaN	
66	16	3.594816713921007	30.0	0.6467101546046939	1528643.7325141053	794.1092742945573	362.200677107953	0.5266971862230365	35.94816713921007	0.5300175290151334	
67	9	NaN	NaN	0.0	NaN	NaN	NaN	NaN	0.0	NaN	
67	16	3.6161610526237795	35.6	0.6487753277950263	1537613.3112311666	808.8864280501032	373.57461880411296	0.5310235999410852	36.161610526237794	0.5296511620378008	
68	9	NaN	NaN	0.0	NaN	NaN	NaN	NaN	0.0	NaN	
68	16	3.6644771372531055	34.5	0.6510234718204234	1561557.195846092	825.3941471293599	385.25053049296304	0.5342638792835489	36.64477137253105	0.5249194059802214	
69	9	NaN	NaN	0.0	NaN	NaN	NaN	NaN	0.0	NaN	
69	16	3.6621891159765143	34.0	0.6534517457689955	1568213.1065816074	839.3282786529447	397.06921193711463	0.5395164904152723	36.62189115976514	0.5257058574625869	
70	9	NaN	NaN	0.0	NaN	NaN	NaN	NaN	0.0	NaN	
70	16	3.7009715903784217	31.9	0.6553317966196394	1567087.2308286333	855.7959580880048	408.9015966622165	0.5428597534227607	37.00971590378422	0.5261251918700602	
71	9	NaN	NaN	0.0	NaN	NaN	NaN	NaN	0.0	NaN	
71	16	3.7492550331069134	35.6	0.65696923283077	1577041.1187273082	872.715631696518	420.93343451162536	0.5457816655690806	37.49255033106913	0.5259323753450456	
72	9	NaN	NaN	0.0	NaN	NaN	NaN	NaN	0.0	NaN	
72	16	3.7677805476346635	34.4	0.6586483887214392	1555661.8951628555	887.0922119761423	432.84809826592664	0.5494916278426977	37.677805476346634	0.5265260994313433	
73	9	NaN	NaN	0.0	NaN	NaN	NaN	NaN	0.0	NaN	
73	16	3.801223945513437	36.7	0.6588712087079857	1535891.3766150535	901.8094506833884	444.7791089168055	0.5524790358931093	38.01223945513437	0.519512267222096	
74	9	NaN	NaN	0.0	NaN	NaN	NaN	NaN	0.0	NaN	
74	16	3.8258966314108527	38.5	0.6607283070848935	1520446.8100338548	915.526104543185	456.67766064604587	0.5556830403134989	38.25896631410853	0.5207571316336304	
75	9	NaN	NaN	0.0	NaN	NaN	NaN	NaN	0.0	NaN	
75	16	3.872581012715147	35.4	0.6628528403934552	1535000.1134222285	930.533589891771	468.4212139446184	0.5575837359299298	38.72581012715147	0.5184903351614711	
76	9	NaN	NaN	0.0	NaN	NaN	NaN	NaN	0.0	NaN	
76	16	3.924936877326781	40.3	0.6647260083990477	1584621.356287397	946.4690490127238	480.29495645956314	0.5591030724287928	39.24936877326781	0.519533961486214	
77	9	NaN	NaN	0.0	NaN	NaN	NaN	NaN	0.0	NaN	
77	16	3.9592939999409835	38.3	0.6658506613067644	1583089.0594842287	961.6046326558453	491.99710982471396	0.5612272316311566	39.592939999409836	0.5132325858532468	
78	9	NaN	NaN	0.0	NaN	NaN	NaN	NaN	0.0	NaN	
78	16	3.9886058800988886	38.7	0.6679675693116529	1600414.9115064295	976.9408164091872	503.650281290142	0.5636282767826433	39.886058800988884	0.5137852903662679	
79	9	NaN	NaN	0.0	NaN	NaN	NaN	NaN	0.0	NaN	
79	16	3.9997403128746436	40.2	0.6705362666767205	1615175.6581389816	991.6459944499899	515.4625980362365	0.5668284518796435	39.997403128746434	0.515717514105444	
80	9	NaN	NaN	0.0	NaN	NaN	NaN	NaN	0.0	NaN	
80	16	4.040287162132474	41.3	0.6725194154515745	1587433.003089102	1007.7455397834898	526.981526972633	0.568909673403497	40.40287162132474	0.516951312617549	
81	9	NaN	NaN	0.0	NaN	NaN	NaN	NaN	0.0	NaN	
81	16	4.030770584147225	41.8	0.6716858421622799	1598309.1148614367	1020.989847966641	538.6054446979667	0.5726142144029885	40.307705841472256	0.5110890169640381	
82	9	NaN	NaN	0.0	NaN	NaN	NaN	NaN	0.0	NaN	
82	16	4.027272611469897	43.6	0.6730631798009136	1580118.6270885845	1034.2563988968245	550.0684223581212	0.5759794495763675	40.27272611469897	0.5120793551922278	
83	9	NaN	NaN	0.0	NaN	NaN	NaN	NaN	0.0	NaN	
83	16	4.016302618228726	42.5	0.6740767957521914	1596419.0534090374	1047.7532142721016	561.4596607912563	0.5794408348893716	40.163026182287254	0.5130066969815992	
84	9	NaN	NaN	0.0	NaN	NaN	NaN	NaN	0.0	NaN	
84	16	4.043898523028237	46.8	0.6754139559558604	1647958.5538780743	1064.186973664955	573.2953403964285	0.5816623959382147	40.43898523028237	0.5128026167146805	
85	9	NaN	NaN	0.0	NaN	NaN	NaN	NaN	0.0	NaN	
85	16	4.071059277717273	46.3	0.6771992309545828	1641420.0817003653	1080.3764448556942	585.014962528955	0.5836640747257047	40.71059277717273	0.5072695115848207	
86	9	NaN	NaN	0.0	NaN	NaN	NaN	NaN	0.0	NaN	
86	16	4.089941622610388	47.9	0.6793275495256506	1645117.4483696283	1096.156717061374	596.6132389075223	0.5857943967267227	40.899416226103874	0.5074430193384972	
87	9	NaN	NaN	0.0	NaN	NaN	NaN	NaN	0.0	NaN	
87	16	4.13621398295876	46.4	0.6828268312769936	1641505.703250037	1113.2411556750371	608.297245728229	0.5870470507352167	41.362139829587605	0.5058043911908989	
88	9	NaN	NaN	0.0	NaN	NaN	NaN	NaN	0.0	NaN	
88	16	4.15918779295616	48.1	0.6850403758018491	1651750.6786339213	1129.0827786566176	620.152174480937	0.5890863992913374	41.5918779295616	0.5062613830306004	
89	9	NaN	NaN	0.0	NaN	NaN	NaN	NaN	0.0	NaN	
89	16	4.1875739293599965	46.8	0.6860096343648076	1634914.554727023	1144.8991896249681	631.9696719955691	0.5908695042652826	41.87573929359996	0.5003845094709949	
90	9	NaN	NaN	0.0	NaN	NaN	NaN	NaN	0.0	NaN	
90	16	4.184265796347853	50.6	0.686563134394144	1622894.21177005	1158.8172573333964	643.5916889592351	0.5934177637994644	41.84265796347853	0.5012124808818472	
91	9	NaN	NaN	0.0	NaN	NaN	NaN	NaN	0.0	NaN	
91	16	4.1927933241080355	50.9	0.6881179408326152	1648887.7070441511	1173.8106817413582	655.2187664862557	0.5955300696063314	41.92793324108035	0.500832814987899	
92	9	NaN	NaN	0.0	NaN	NaN	NaN	NaN	0.0	NaN	
92	16	4.221157656815892	53.2	0.6905120969226147	1647094.3650051872	1189.6827192966327	666.8874131315907	0.597084551127981	42.21157656815892	0.5016881872511483	
93	9	NaN	NaN	0.0	NaN	NaN	NaN	NaN	0.0	NaN	
93	16	4.250035975473059	51.8	0.6909855321938358	1637916.6494728501	1205.2681518464324	678.5328322483649	0.5986086052763446	42.500359754730596	0.49732960386161085	
94	9	NaN	NaN	0.0	NaN	NaN	NaN	NaN	0.0	NaN	
94	16	4.275724056115486	54.4	0.692949999632574	1638726.5885655545	1220.6739673965658	689.8814734932935	0.6000509908921658	42.75724056115486	0.49596270065366155	
95	9	NaN	NaN	0.0	NaN	NaN	NaN	NaN	0.0	NaN	
95	16	4.291411269037155	54.8	0.6942914964650195	1632589.8937844685	1235.3577278562602	700.9873208085143	0.601677168611613	42.91411269037155	0.4973070350222514	
96	9	NaN	NaN	0.0	NaN	NaN	NaN	NaN	0.0	NaN	
96	16	4.312358962520056	54.9	0.6967927268849308	1625930.104473135	1250.0703641244686	712.0214917894181	0.6031136414796329	43.123589625200566	0.4980287486697657	
97	9	NaN	NaN	0.0	NaN	NaN	NaN	NaN	0.0	NaN	
97	16	4.332822286151038	59.0	0.6991008239530463	1641978.8541251358	1265.0211927253508	723.1929265232046	0.6046304887032378	43.32822286151038	0.4975714670964354	
98	9	NaN	NaN	0.0	NaN	NaN	NaN	NaN	0.0	NaN	
98	16	4.339030976594056	61.1	0.6996672382972174	1619202.2355362088	1279.1827486134139	734.1022596344089	0.6064823999804275	43.39030976594056	0.49124935230210903	
99	9	NaN	NaN	0.0	NaN	NaN	NaN	NaN	0.0	NaN	
99	16	4.304706940758717	60.3	0.7007170425524869	1590781.1274379543	1290.865620250565	744.615527886786	0.609290302404256	43.047069407587166	0.49306724831331405	
100	9	NaN	NaN	0.0	NaN	NaN	NaN	NaN	0.0	NaN	
100	16	4.307523174180458	62.3	0.7025407809034729	1563352.620987846	1304.2153932871083	754.8483495464808	0.6109567541418496	43.07523174180458	0.49414011852317685	
1	9	NaN	NaN	0.0	NaN	NaN	NaN	NaN	0.0	NaN	
1	16	0.0	10.0	0.0	0.0	3.0	0.0	NaN	0.0	1.200000000000002	
2	9	NaN	NaN	0.0	NaN	NaN	NaN	NaN	0.0	NaN	
2	16	0.0	10.0	0.0	0.0	2.9438614596153565	0.0	NaN	0.0	1.200000000000002	
3	9	NaN	NaN	0.0	NaN	NaN	NaN	NaN	0.0	NaN	
3	16	0.019289012997215617	10.0	0.0	0.0	1.9498312379516427	0.0	0.0	0.19289012997215615	1.200000000000002	
4	9	NaN	NaN	0.0	NaN	NaN	NaN	NaN	0.0	NaN	
4	16	0.02267392558520854	10.0	0.00397719524473866	17200.812491833804	2.226634732835159	0.0	0.0	0.22673925585208538	0.3993473457233832	
5	9	NaN	NaN	0.0	NaN	NaN	NaN	NaN	0.0	NaN	
5	16	0.02532013076592385	10.0	0.0053293681116073225	13548.98320292745	2.4477761651150027	0.0	0.0	0.2532013076592385	0.4718100184654111	
6	9	NaN	NaN	0.0	NaN	NaN	NaN	NaN	0.0	NaN	
6	16	0.028394045968160593	10.0	0.00662464631319709	15954.546000736978	2.709352925490453	0.0	0.0	0.2839404596816059	0.5493911227447063	
7	9	NaN	NaN	0.0	NaN	NaN	NaN	NaN	0.0	NaN	
7	16	0.03224486546464807	10.0	0.007979976429385973	18756.66263648507	3.018003927758209	0.0	0.0	0.3224486546464807	0.41286471129269053	
8	9	NaN	NaN	0.0	NaN	NaN	NaN	NaN	0.0	NaN	
8	16	0.037595340694500795	10.0	0.010282973937299	23068.363247642963	3.39972123726193	0.0	0.0	0.37595340694500795	0.48398396511616776	
9	9	NaN	NaN	0.0	NaN	NaN	NaN	NaN	0.0	NaN	
9	16	0.04450658185093487	10.7	0.01283691659137772	28250.460046006407	3.8691822015560833	0.0	0.0	0.4450658185093487	0.5418495967783854	
10	9	NaN	NaN	0.0	NaN	NaN	NaN	NaN	0.0	NaN	
10	16	0.052787247403138546	10.6	0.0157773834076539	34791.707514307775	4.4494833538662615	0.0	0.0	0.5278724740313855	0.440143537207361	
11	9	NaN	NaN	0.0	NaN	NaN	NaN	NaN	0.0	NaN	
11	16	0.062088828347428515	11.1	0.01917792168451151	42173.406523591504	5.0997266382536734	0.0	0.0	0.6208882834742852	0.47736347098279097	
12	9	NaN	NaN	0.0	NaN	NaN	NaN	NaN	0.0	NaN	
12	16	0.07482656102387143	12.6	0.022939419850806487	52626.962425660844	5.972121620550523	0.0	0.0	0.7482656102387143	0.506555280878928	
13	9	NaN	NaN	0.0	NaN	NaN	NaN	NaN	0.0	NaN	
13	16	0.08902173487516862	13.3	0.026964617405162	62745.58539567275	7.016666689442545	0.0	0.0	0.8902173487516862	0.4402758163105377	
14	9	NaN	NaN	0.0	NaN	NaN	NaN	NaN	0.0	NaN	
14	16	0.10475410276058113	11.7	0.03215875101130328	73844.6859356485	8.211863582087444	0.0	0.0	1.0475410276058112	0.47861704610622324	
15	9	NaN	NaN	0.0	NaN	NaN	NaN	NaN	0.0	NaN	
15	16	0.12494025563501632	11.7	0.0379888169893102	88745.76545389238	9.679803742587149	0.0	0.0	1.2494025563501632	0.5099218301881322	
16	9	NaN	NaN	0.0	NaN	NaN	NaN	NaN	0.0	NaN	
16	16	0.14925483038682463	12.9	0.045521748875567335	104889.40956024635	11.432235219891286	0.0	0.0	1.4925483038682463	0.5406882067160454	
17	9	NaN	NaN	0.0	NaN	NaN	NaN	NaN	0.0	NaN	
17	16	0.175641271078615	12.9	0.0547490361830252	124435.07685866106	13.501540554180167	0.0	0.0	1.7564127107861498	0.5061516460958321	
18	9	NaN	NaN	0.0	NaN	NaN	NaN	NaN	0.0	NaN	
18	16	0.20711639698970868	12.6	0.06583123290865588	146707.60145883495	15.967462393089951	0.0	0.0	2.071163969897087	0.5401354955345068	
19	9	NaN	NaN	0.0	NaN	NaN	NaN	NaN	0.0	NaN	
19	16	0.24495996598301692	13.5	0.0792566525575682	178066.5627448253	18.93484067729087	0.0	0.0	2.4495996598301693	0.5774844213290913	
20	9	NaN	NaN	0.0	NaN	NaN	NaN	NaN	0.0	NaN	
20	16	0.2901097401528659	13.8	0.09495520949325258	211178.36097154496	22.49236552064702	0.0	0.0	2.901097401528659	0.5533110412117559	
21	9	NaN	NaN	0.0	NaN	NaN	NaN	NaN	0.0	NaN	
21	16	0.34030032374442787	14.5	0.11482208944784339	251996.07656186685	26.763907019919753	0.0	0.0	3.4030032374442785	0.5848120856970511	
22	9	NaN	NaN	0.0	NaN	NaN	NaN	NaN	0.0	NaN	
22	16	0.3978464682565423	14.0	0.13673423017169392	296372.3116479535	31.936119474807043	0.0	0.0	3.978464682565423	0.6186269960169073	
23	9	NaN	NaN	0.0	NaN	NaN	NaN	NaN	0.0	NaN	
23	16	0.4581663981509566	14.6	0.16148892472762166	344211.836634367	38.170353547853196	0.0	0.0	4.581663981509566	0.6420208099762251	
24	9	NaN	NaN	0.0	NaN	NaN	NaN	NaN	0.0	NaN	
24	16	0.5190113669445384	15.7	0.18655102157283943	403579.8388745021	45.84044798522875	0.0	0.0	5.190113669445385	0.6196799187911464	
25	9	NaN	NaN	0.0	NaN	NaN	NaN	NaN	0.0	NaN	
25	16	0.5795613767889667	14.0	0.21057932144950633	458651.09748397523	54.509870017484616	0.0	0.0	5.795613767889667	0.645387232430133	
26	9	NaN	NaN	0.0	NaN	NaN	NaN	NaN	0.0	NaN	
26	16	0.6462636400449364	15.9	0.23591412461554828	510526.61527417257	64.32471488901294	0.0	0.0	6.462636400449364	0.6627589621016632	
27	9	NaN	NaN	0.0	NaN	NaN	NaN	NaN	0.0	NaN	
27	16	0.7159279843650496	16.2	0.2604167375861361	567400.864845015	75.42674123165452	0.0	0.0	7.159279843650496	0.646881878910763	
28	9	NaN	NaN	0.0	NaN	NaN	NaN	NaN	0.0	NaN	
28	16	0.781052844561273	16.1	0.28629207759887026	618843.3526145691	87.56014635703063	0.0	0.0	7.8105284456127295	0.6574717755978066	
29	9	NaN	NaN	0.0	NaN	NaN	NaN	NaN	0.0	NaN	
29	16	0.8530967777094325	16.6	0.3102402671222836	679372.1902789504	100.76830988220642	0.0	0.0	8.530967777094325	0.6664126091219268	
30	9	NaN	NaN	0.0	NaN	NaN	NaN	NaN	0.0	NaN	
30	16	0.9265920371526007	16.6	0.33616308731239936	713273.6177550883	114.47394481991682	0.0	0.0	9.265920371526008	0.6737127643687544	
31	9	NaN	NaN	0.0	NaN	NaN	NaN	NaN	0.0	NaN	
31	16	1.0067480475551593	17.6	0.3604704906994698	781667.3941132117	130.05645721153493	0.0	0.0	10.067480475551593	0.652135265119767	
32	9	NaN	NaN	0.0	NaN	NaN	NaN	NaN	0.0	NaN	
32	16	1.0850087615524935	15.7	0.3848818352130161	835708.4163170166	146.93400987249115	0.0	0.0	10.850087615524934	0.6523255392002832	
33	9	NaN	NaN	0.0	NaN	NaN	NaN	NaN	0.0	NaN	
33	16	1.167217210142947	17.3	0.4058870648515221	887932.9273053989	164.44766170963481	0.0	0.0	11.67217210142947	0.6507651970120065	
34	9	NaN	NaN	0.0	NaN	NaN	NaN	NaN	0.0	NaN	
34	16	1.2549548668485593	17.3	0.4252366988159561	961785.503404744	183.58462683166613	0.0	0.0	12.549548668485592	0.633502384210205	
35	9	NaN	NaN	0.0	NaN	NaN	NaN	NaN	0.0	NaN	
35	16	1.341580239893664	17.3	0.44487737564681223	1008460.5691122658	203.74294438352987	0.0	0.0	13.415802398936641	0.6304534032030805	
36	9	NaN	NaN	0.0	NaN	NaN	NaN	NaN	0.0	NaN	
36	16	1.427956739373687	18.1	0.4637594638023264	1050793.9543842308	224.9727403810099	0.0	0.0	14.279567393736869	0.6249468959491983	
37	9	NaN	NaN	0.0	NaN	NaN	NaN	NaN	0.0	NaN	
37	16	1.5139166512357636	19.5	0.48121079625800967	1094467.4532749497	246.4941783227856	0.0	0.0	15.139166512357635	0.61930090194671	
38	9	NaN	NaN	0.0	NaN	NaN	NaN	NaN	0.0	NaN	
38	16	1.603288841496348	19.7	0.4966822111947224	1135337.766819724	267.12175980203824	3.176752883333504	0.024729372665058043	16.03288841496348	0.6003195120155701	
39	9	NaN	NaN	0.0	NaN	NaN	NaN	NaN	0.0	NaN	
39	16	1.690410847716508	18.2	0.5115755287797144	1192468.9487431576	287.54093659339884	9.120762924669382	0.0644200668671563	16.90410847716508	0.593412184346194	
40	9	NaN	NaN	0.0	NaN	NaN	NaN	NaN	0.0	NaN	
40	16	1.7753910159797637	19.7	0.5255336816157209	1247120.9179261061	308.0279326456368	17.401006751721376	0.11083787306675533	17.753910159797638	0.5875714240788982	
41	9	NaN	NaN	0.0	NaN	NaN	NaN	NaN	0.0	NaN	
41	16	1.8544684601405343	18.2	0.5367561144264396	1287213.5065274262	327.7050626643544	27.548148680955062	0.1580239871876397	18.544684601405343	0.5809765764607862	
42	9	NaN	NaN	0.0	NaN	NaN	NaN	NaN	0.0	NaN	
42	16	1.9441370276532972	19.7	0.5464416340990473	1291379.7381734808	346.61971167742524	39.54130991304925	0.20376583051140615	19.44137027653297	0.5671227996598533	
43	9	NaN	NaN	0.0	NaN	NaN	NaN	NaN	0.0	NaN	
43	16	2.0238102387839576	19.3	0.5559715160473334	1303264.1263243533	364.3260016980399	53.05193967191286	0.24735310593150778	20.238102387839575	0.5637208010347297	
44	9	NaN	NaN	0.0	NaN	NaN	NaN	NaN	0.0	NaN	
44	16	2.11636528975074	21.5	0.5651686511071329	1327089.6866661783	382.96411861224345	67.57303555464985	0.2856976816767222	21.1636528975074	0.5610245998587702	
45	9	NaN	NaN	0.0	NaN	NaN	NaN	NaN	0.0	NaN	
45	16	2.184230178361647	21.3	0.5696744953176587	1326332.19598779	399.5612088245269	82.8600972573835	0.32087286667987763	21.84230178361647	0.5525266137938122	
46	9	NaN	NaN	0.0	NaN	NaN	NaN	NaN	0.0	NaN	
46	16	2.264459211556767	21.7	0.5751860134056422	1340520.6520700213	416.6631983802848	98.55055147178277	0.35073208187428356	22.644592115567672	0.5532461638609512	
47	9	NaN	NaN	0.0	NaN	NaN	NaN	NaN	0.0	NaN	
47	16	2.3472580770844016	21.9	0.5796457248212182	1373084.8425759187	434.5264104404745	114.52750496473337	0.3769414685666663	23.472580770844015	0.5537637394452262	
48	9	NaN	NaN	0.0	NaN	NaN	NaN	NaN	0.0	NaN	
48	16	2.4004685498842817	24.0	0.581478694567096	1377594.9475700855	450.9452155829134	130.3803876996128	0.40133381536428947	24.004685498842818	0.5576243801105025	
49	9	NaN	NaN	0.0	NaN	NaN	NaN	NaN	0.0	NaN	
49	16	2.4525320578216836	22.7	0.5825777632002395	1364175.9790983687	466.87224388830816	145.90217005293906	0.4217680632730013	24.525320578216835	0.552934446588602	
50	9	NaN	NaN	0.0	NaN	NaN	NaN	NaN	0.0	NaN	
50	16	2.5111765330699924	26.9	0.5858302278757422	1382719.6750763012	483.7553634504784	160.710165113228	0.43822199200221756	25.111765330699924	0.5564167399113035	
51	9	NaN	NaN	0.0	NaN	NaN	NaN	NaN	0.0	NaN	
51	16	2.5795908049021916	21.8	0.590211546540377	1392697.6480462886	501.63002998559443	174.74544320394347	0.4513927356016274	25.795908049021914	0.5590960087150042	
52	9	NaN	NaN	0.0	NaN	NaN	NaN	NaN	0.0	NaN	
52	16	2.639156978368798	25.2	0.5933448056038017	1411337.281772388	519.8978758700287	187.67029037352273	0.4621902620604788	26.391569783687977	0.5614134909680684	
53	9	NaN	NaN	0.0	NaN	NaN	NaN	NaN	0.0	NaN	
53	16	2.7013068974284584	23.8	0.5956557875886761	1434632.864836371	538.8810887935459	199.32231438384508	0.46967447695015857	27.013068974284582	0.5543363941384407	
54	9	NaN	NaN	0.0	NaN	NaN	NaN	NaN	0.0	NaN	
54	16	2.7516481628232934	27.4	0.5995172663908599	1446927.9846401243	557.6589605206796	209.43377920252289	0.4752238309794751	27.516481628232935	0.5559191153716493	
55	9	NaN	NaN	0.0	NaN	NaN	NaN	NaN	0.0	NaN	
55	16	2.804977995865901	24.9	0.6043566189785591	1465663.3318476784	576.9014725436583	219.08493253429202	0.479931047429471	28.04977995865901	0.5573449821039236	
56	9	NaN	NaN	0.0	NaN	NaN	NaN	NaN	0.0	NaN	
56	16	2.866729823368655	27.8	0.6089214685529172	1481312.8269149526	596.7536118283334	228.98240206869937	0.4842383799565923	28.667298233686548	0.5572708894863729	
57	9	NaN	NaN	0.0	NaN	NaN	NaN	NaN	0.0	NaN	
57	16	2.939515696702508	27.1	0.6130529578128292	1478515.0397914595	617.0422825124513	239.23857849591028	0.4882610239135758	29.395156967025077	0.5461723542963829	
58	9	NaN	NaN	0.0	NaN	NaN	NaN	NaN	0.0	NaN	
58	16	2.990684256982302	27.3	0.6152991544085405	1500112.9623190355	636.1212629094922	249.64742494680496	0.4931620120712617	29.90684256982302	0.5462516599510564	
59	9	NaN	NaN	0.0	NaN	NaN	NaN	NaN	0.0	NaN	
59	16	3.060661285984022	27.4	0.6210077711057299	1517298.800334148	656.1628631745585	260.2385031476798	0.4970542387378744	30.60661285984022	0.5444804834009125	
60	9	NaN	NaN	0.0	NaN	NaN	NaN	NaN	0.0	NaN	
60	16	3.1078422114944106	27.8	0.6234543964760728	1533077.5466958461	674.824166058718	270.9892054804863	0.5018571818808347	31.078422114944107	0.5443120443427936	
61	9	NaN	NaN	0.0	NaN	NaN	NaN	NaN	0.0	NaN	
61	16	3.1621173638998155	30.3	0.6255470800770923	1524551.4488746028	693.3403715068297	282.012568255508	0.5060867975285296	31.621173638998155	0.5372177464798294	
62	9	NaN	NaN	0.0	NaN	NaN	NaN	NaN	0.0	NaN	
62	16	3.24182618830947	29.1	0.6284785181480921	1539367.3451799047	712.7362250847615	293.0806752638017	0.5083785072304089	32.4182618830947	0.535899371870895	
63	9	NaN	NaN	0.0	NaN	NaN	NaN	NaN	0.0	NaN	
63	16	3.2814709681933736	29.3	0.631685767196037	1538008.2535181376	729.3601583601355	304.30338234206704	0.5124699020793814	32.814709681933735	0.5350579785895735	
64	9	NaN	NaN	0.0	NaN	NaN	NaN	NaN	0.0	NaN	
64	16	3.339496722457149	30.9	0.6354737053444206	1531002.3862866731	746.7438281837419	315.5736422543274	0.5157157770955649	33.39496722457149	0.5350567660005328	
65	9	NaN	NaN	0.0	NaN	NaN	NaN	NaN	0.0	NaN	
65	16	3.4067344735052627	30.9	0.6380961846201603	1503103.3902751328	763.84953829961	326.9446754861457	0.5185547782269013	34.06734473505263	0.528323017768289	
66	9	NaN	NaN	0.0	NaN	NaN	NaN	NaN	0.0	NaN	
66	16	3.4741122470601105	27.1	0.6405752588986695	1514093.6655136894	781.4489479855524	338.1860424239448	0.5212348270931199	34.741122470601105	0.5259233747984013	
67	9	NaN	NaN	0.0	NaN	NaN	NaN	NaN	0.0	NaN	
67	16	3.53433291824768	30.3	0.6428153810277013	1523860.726786775	798.0635330370868	349.56787976806544	0.5239841856611926	35.3433291824768	0.5261110154356299	
68	9	NaN	NaN	0.0	NaN	NaN	NaN	NaN	0.0	NaN	
68	16	3.555095735722	32.2	0.6445595054500718	1543972.139835651	812.8055579433993	361.20448191059717	0.5285768268122452	35.55095735722	0.5194319052700922	
69	9	NaN	NaN	0.0	NaN	NaN	NaN	NaN	0.0	NaN	
69	16	3.618407937339563	33.5	0.647315220585322	1556066.2223076103	830.1385347239597	372.95970783284656	0.5312815061448349	36.184079373395626	0.5199615452005684	
70	9	NaN	NaN	0.0	NaN	NaN	NaN	NaN	0.0	NaN	
70	16	3.6410680147885595	33.2	0.6484294274963556	1557940.8947021605	845.4826139432291	384.7801900380396	0.5356185532903169	36.41068014788559	0.5193689946712086	
71	9	NaN	NaN	0.0	NaN	NaN	NaN	NaN	0.0	NaN	
71	16	3.6894511506627077	34.4	0.6509677158098689	1553753.41085351	862.0345182786793	396.77040217559147	0.5389310516515534	36.894511506627076	0.5206132049482584	
72	9	NaN	NaN	0.0	NaN	NaN	NaN	NaN	0.0	NaN	
72	16	3.7175876108432933	34.8	0.6533342678829676	1539177.2214366884	876.7724970156618	408.81261043544293	0.5428576647540321	37.17587610843293	0.5198469005439166	
73	9	NaN	NaN	0.0	NaN	NaN	NaN	NaN	0.0	NaN	
73	16	3.7576636459402932	33.3	0.6548576503528664	1526093.516052022	891.8567560904906	420.8550368916714	0.5461908494204867	37.576636459402934	0.5135764125244013	
74	9	NaN	NaN	0.0	NaN	NaN	NaN	NaN	0.0	NaN	
74	16	3.796072382099962	35.4	0.6574253709104263	1511367.1998531665	906.46495276737	432.75007838041773	0.5493694528109487	37.96072382099962	0.5149191245547872	
75	9	NaN	NaN	0.0	NaN	NaN	NaN	NaN	0.0	NaN	
75	16	3.8270939843196174	38.0	0.6585423380675787	1507302.7554914355	920.3060692286778	444.4235933643532	0.5522371575287751	38.270939843196174	0.5148434347127945	
76	9	NaN	NaN	0.0	NaN	NaN	NaN	NaN	0.0	NaN	
76	16	3.8563452872485287	40.8	0.659892674546048	1559043.3446649935	935.0518514276622	456.118620559483	0.5548677518409407	38.563452872485286	0.5150202290405123	
77	9	NaN	NaN	0.0	NaN	NaN	NaN	NaN	0.0	NaN	
77	16	3.8891877239276615	37.9	0.6618948005784561	1551815.6606227588	949.8354730884546	467.7023030349349	0.5572316390787678	38.89187723927662	0.5083779067049194	
78	9	NaN	NaN	0.0	NaN	NaN	NaN	NaN	0.0	NaN	
78	16	3.9432827838890994	37.8	0.6656653256870732	1592863.876703476	966.6003129966706	479.43482266307853	0.5589712097877554	39.432827838890994	0.509651006132247	
79	9	NaN	NaN	0.0	NaN	NaN	NaN	NaN	0.0	NaN	
79	16	3.984022971278794	39.2	0.6685254213323057	1598332.6215610455	982.7685436872132	491.1764024439426	0.5613423664468472	39.84022971278794	0.509044592089069	
80	9	NaN	NaN	0.0	NaN	NaN	NaN	NaN	0.0	NaN	
80	16	4.037281328821185	42.9	0.6688552204717184	1577032.1946577816	999.0551242198164	502.91399283592807	0.5632477076766672	40.372813288211844	0.5092960544323929	
81	9	NaN	NaN	0.0	NaN	NaN	NaN	NaN	0.0	NaN	
81	16	4.074921481316181	43.7	0.6688736201627694	1572831.9627570773	1013.9487464304472	514.6194892795395	0.5655346981868222	40.749214813161814	0.5044527385320481	
82	9	NaN	NaN	0.0	NaN	NaN	NaN	NaN	0.0	NaN	
82	16	4.10681709277718	43.7	0.671005365469543	1564200.4327008468	1028.1159747649376	526.2315349907573	0.5678880350744068	41.0681709277718	0.5048959025610043	
83	9	NaN	NaN	0.0	NaN	NaN	NaN	NaN	0.0	NaN	
83	16	4.1161553297307965	44.5	0.6722056155269344	1596119.6414071722	1041.580909272351	537.9888935816194	0.5708791925176856	41.16155329730797	0.5052544706614134	
84	9	NaN	NaN	0.0	NaN	NaN	NaN	NaN	0.0	NaN	
84	16	4.141790276769688	45.7	0.6732797494024861	1638263.776801201	1056.7880876693512	550.0157403511101	0.5733044479724126	41.41790276769689	0.5053725098246162	
85	9	NaN	NaN	0.0	NaN	NaN	NaN	NaN	0.0	NaN	
85	16	4.164924562252002	47.3	0.6741432140255189	1613751.22372904	1071.378346814759	561.9127468555201	0.5755650502796444	41.64924562252003	0.4994264297681565	
86	9	NaN	NaN	0.0	NaN	NaN	NaN	NaN	0.0	NaN	
86	16	4.194186974450139	46.0	0.6775307091696814	1617963.0255728096	1086.207888688175	573.8214508092949	0.5775158797534777	41.941869744501396	0.4993440643525931	
87	9	NaN	NaN	0.0	NaN	NaN	NaN	NaN	0.0	NaN	
87	16	4.228805008355762	42.9	0.6801591001191211	1619226.9565253996	1101.3505053139422	585.7323105843864	0.5792658783233288	42.28805008355762	0.49909120236009047	
88	9	NaN	NaN	0.0	NaN	NaN	NaN	NaN	0.0	NaN	
88	16	4.269473236168591	49.5	0.6823723619920307	1621361.3912385534	1116.7222045833694	597.6290001169547	0.5808315814498849	42.69473236168591	0.49833336655064303	
89	9	NaN	NaN	0.0	NaN	NaN	NaN	NaN	0.0	NaN	
89	16	4.295949916328825	48.5	0.6831127024867787	1605307.0035183977	1131.1088729543033	609.5309896240935	0.5828025824308498	42.95949916328824	0.49242355805668575	
90	9	NaN	NaN	0.0	NaN	NaN	NaN	NaN	0.0	NaN	
90	16	4.275532301848919	50.9	0.6831801357447572	1608089.8178421352	1143.1525482786706	621.3498260682991	0.586066288221106	42.75532301848919	0.49272484846651665	
91	9	NaN	NaN	0.0	NaN	NaN	NaN	NaN	0.0	NaN	
91	16	4.2815989859933605	49.0	0.68466481913211	1618379.1185671906	1156.7484540181347	633.2563399430744	0.5884749195096285	42.8159898599336	0.4928255819757007	
92	9	NaN	NaN	0.0	NaN	NaN	NaN	NaN	0.0	NaN	
92	16	4.282365689576393	49.4	0.6861200118348996	1603904.0104742253	1169.8365399358765	645.0603476682434	0.5910767337254743	42.82365689576393	0.49344605082888826	
93	9	NaN	NaN	0.0	NaN	NaN	NaN	NaN	0.0	NaN	
93	16	4.275526415016424	52.9	0.6863544422402946	1583560.6820326657	1182.2170464552898	656.8067033342649	0.593890125584979	42.75526415016424	0.48898243798925606	
94	9	NaN	NaN	0.0	NaN	NaN	NaN	NaN	0.0	NaN	
94	16	4.3022753064924135	55.5	0.6878550151336144	1569326.6768811631	1196.1716335772473	668.1733994104486	0.5954716585026577	43.02275306492414	0.4886293394421347	
95	9	NaN	NaN	0.0	NaN	NaN	NaN	NaN	0.0	NaN	
95	16	4.330041936176669	53.9	0.6894098230240037	1587871.7340213223	1210.7971543229737	679.143452320522	0.5968509918891926	43.30041936176669	0.48940366329986207	
96	9	NaN	NaN	0.0	NaN	NaN	NaN	NaN	0.0	NaN	
96	16	4.335209216168041	52.0	0.6916816651494874	1610363.967003714	1224.5734376591536	690.1087011304822	0.5988666046207264	43.3520921616804	0.4900201197584701	
97	9	NaN	NaN	0.0	NaN	NaN	NaN	NaN	0.0	NaN	
97	16	4.329030424789556	58.2	0.6940834721409067	1602907.4909986942	1237.7277969234294	701.1092391839122	0.6012442660469651	43.290304247895556	0.4908140504728269	
98	9	NaN	NaN	0.0	NaN	NaN	NaN	NaN	0.0	NaN	
98	16	4.307141781675476	55.1	0.6943949014556929	1569632.8782433965	1249.5852508698065	711.8991129028182	0.6040060944946432	43.07141781675476	0.483262777360272	
99	9	NaN	NaN	0.0	NaN	NaN	NaN	NaN	0.0	NaN	
99	16	4.272161590987446	59.2	0.6945961050955951	1529828.620972022	1260.0402371335101	722.2547402587834	0.6069229700424627	42.721615909874465	0.4854271962405282	
100	9	NaN	NaN	0.0	NaN	NaN	NaN	NaN	0.0	NaN	
100	16	4.281413061501233	55.7	0.6969666462236852	1544083.955543485	1273.2954981538694	732.5314509496933	0.6085081125125773	42.81413061501233	0.48612180766672397	
