time(d)	species	LAI	nrShoots	fAbs	assCO2(umol/m2)	biomAbove(gr/m2)	yield(gr/m2)	harvestIndex	leafArea	fieldRFR	
1	9	0.0	10.0	0.0	0.0	2.75	0.0	NaN	0.0	1.200000000000002	
2	9	0.0	10.0	0.0	0.0	2.7368979890189955	0.0	NaN	0.0	1.200000000000002	
3	9	4.4105657019637265E-4	10.0	0.0	0.0	2.6951298275728037	0.0	0.0	0.004410565701963727	1.200000000000002	
4	9	0.0016366820893319992	10.0	1.2409122219680753E-4	209.4344107513266	2.6149751315676317	0.0	0.0	0.01636682089331999	1.2030873783134692	
5	9	0.0044039893174445755	10.0	4.8083340673021413E-4	721.7794046905298	2.466994461660793	0.0	0.0	0.04403989317444575	1.232458088058106	
6	9	0.009177382937329576	10.0	0.0011917126163152026	1780.0114435738608	2.269445102780944	0.0	0.0	0.09177382937329576	1.1790942318395452	
7	9	0.01385578244418292	10.0	0.0025244795090788833	3568.2345582207827	2.1303161180867116	0.0	0.0	0.1385578244418292	1.1502346015434721	
8	9	0.018863289217284657	10.0	0.0037674200880152805	5302.773629612561	2.034791696778946	0.0	0.0	0.18863289217284657	1.1078378862231621	
9	9	0.022800887825765923	10.0	0.005051250491652473	7075.617070368647	2.038659471695544	0.0	0.0	0.22800887825765923	1.066671298044744	
10	9	0.02454174028442237	10.0	0.006048961982894381	8449.483988569249	2.172192485105513	0.0	0.0	0.2454174028442237	1.0409371444691826	
11	9	0.02640695513903373	10.0	0.006452969224022438	8902.525343665126	2.3127221408841647	0.0	0.0	0.2640695513903373	1.0490111410749445	
12	9	0.028507239528997093	10.0	0.007150923253816625	9786.027647220437	2.467703393826384	0.0	0.0	0.2850723952899709	1.0523801853880488	
13	9	0.03089211023990627	10.0	0.008053073869226969	10898.029032980054	2.6410212286447607	0.0	0.0	0.3089211023990627	1.0662466543637978	
14	9	0.03365907706721698	10.0	0.009322249689961848	12416.892790391114	2.8396429846087496	0.0	0.0	0.3365907706721698	1.0563272203610188	
15	9	0.036845139978320215	10.0	0.010626654691233093	14181.737731043857	3.067685265943486	0.0	0.0	0.3684513997832022	1.0686133576569041	
16	9	0.04047530564386072	10.0	0.012079771092571107	16129.733998422627	3.328141967668304	0.0	0.0	0.4047530564386072	1.0663353592037998	
17	9	0.04467957295758467	10.0	0.014296273646682366	18726.048328682828	3.632093737172314	0.0	0.0	0.44679572957584673	1.058276271055316	
18	9	0.049586679994102226	10.0	0.016867881495897147	21957.158520767603	3.990310962547267	0.0	0.0	0.4958667999410223	1.0705416853620306	
19	9	0.05528929816876858	10.0	0.01983129739947748	25665.776063511556	4.410750307751235	0.0	0.0	0.5528929816876859	1.067587472363669	
20	9	0.06202933705582112	10.0	0.023692764153661748	30514.623165051635	4.912864768615045	0.0	0.0	0.6202933705582112	1.08220472528138	
21	9	0.06976800705882427	10.0	0.027909298988223502	35436.65121509306	5.497379902903324	0.0	0.0	0.6976800705882428	1.072920884032977	
22	9	0.07853107128629469	10.0	0.03233004517821941	40591.28518092419	6.167794835878715	0.0	0.0	0.7853107128629468	1.068120510555797	
23	9	0.08859269501858583	10.0	0.03730224150712049	47167.85416529435	6.948312716722164	0.0	0.0	0.8859269501858583	1.058252129877522	
24	9	0.0997199749343573	10.0	0.0421626821154711	52948.913457603034	7.8243282212957554	0.0	0.0	0.997199749343573	1.050490338699799	
25	9	0.11213019701404396	10.0	0.04800867073973591	59839.34137094696	8.814532491549201	0.0	0.0	1.1213019701404396	1.035347479929738	
26	9	0.1258164277098734	10.0	0.053579054370036086	66893.70290313897	9.921013837263882	0.0	0.0	1.2581642770987338	1.0227221169511178	
27	9	0.1408758710253241	10.0	0.05948420084778468	74560.24959587332	11.153658619658327	0.0	0.0	1.4087587102532408	1.0066617183332616	
28	9	0.1571580667666446	10.0	0.06548962327997279	81658.2758368037	12.501709354783568	0.0	0.0	1.5715806676664459	1.000616368908825	
29	9	0.17484572240598514	10.0	0.07309192166862319	89785.64211701545	13.982328426796817	0.0	0.0	1.7484572240598515	0.9917432462427896	
30	9	0.1938592279321016	10.0	0.08049864176147818	97836.3210766165	15.59328688209805	0.0	0.0	1.9385922793210162	0.9913983060118192	
31	9	0.2146301641915865	10.0	0.08866174542755823	108148.69915753049	17.37312407777724	0.0	0.0	2.146301641915865	0.9845715727174966	
32	9	0.23712750826356052	10.0	0.09827023253235041	118545.25915571717	19.32217024124112	0.0	0.0	2.3712750826356053	0.9806228043248955	
33	9	0.26170900738811587	10.0	0.10779541479105711	130941.94588736541	21.474144386424253	0.0	0.0	2.6170900738811587	0.9780011109076358	
34	9	0.28885881785646406	10.0	0.11847510941073248	146030.74268894247	23.874598388768028	0.0	0.0	2.888588178564641	0.9760202755355211	
35	9	0.3187753631988771	10.0	0.1300050080469978	162454.77293404657	26.54512987691849	0.0	0.0	3.1877536319887714	0.9612989115318217	
36	9	0.3508541362889929	10.0	0.14181827992019908	176183.01506872562	29.43693860188422	0.0	0.0	3.5085413628899293	0.9547253401114432	
37	9	0.3860221130623526	10.0	0.1557048887041617	195009.50079898964	32.63738691076108	0.0	0.0	3.8602211306235263	0.9456365055941117	
38	9	0.4232277856593882	10.0	0.16879150311330518	208817.8379390229	36.056940948965604	0.0	0.0	4.232277856593882	0.933675842041589	
39	9	0.46307984633417554	10.0	0.1839856071974711	226098.10990955686	39.754634438076536	0.0	0.0	4.630798463341756	0.9233225855586936	
40	9	0.5061425220887311	10.0	0.19892052395473886	246749.51844497444	43.787346976517696	0.0	0.0	5.061425220887311	0.9116185237047669	
41	9	0.5526880612213938	10.0	0.21497681123534165	269336.5830895649	48.186557753293386	0.0	0.0	5.526880612213938	0.8992675839763186	
42	9	0.6038640385560613	10.0	0.23099683146985625	298678.54197127797	53.067523528831984	0.0	0.0	6.038640385560613	0.8846505106126712	
43	9	0.6566084989991734	10.0	0.2479091951257787	317158.4656065231	58.23769801268774	0.0956410608361731	0.0018100868977168074	6.566084989991734	0.8754070424260654	
44	9	0.7090232661838122	10.0	0.26547180466606624	333407.2376975679	63.6087755805933	0.34539409943038035	0.005969565063154764	7.0902326618381215	0.8568510123569424	
45	9	0.7613457909085147	10.0	0.28416212360123105	348963.96575493005	69.22509699543645	0.8085364934596793	0.012808065829443294	7.613457909085147	0.8431436837963531	
46	9	0.8136654131591621	10.0	0.30047581011842506	368640.8376526762	75.1837314154405	1.5923318882274229	0.023164343151099446	8.136654131591621	0.8316688546227521	
47	9	0.8660393646190719	10.0	0.31944895132119516	392070.78642692475	81.51058851856881	2.6861275958730024	0.035948998048289986	8.66039364619072	0.8170650521533434	
48	9	0.9167050652361384	10.0	0.33468753714080396	406551.60776909976	88.0163733192445	4.050874331582604	0.05008243364409673	9.167050652361384	0.8046010398281781	
49	9	0.967478969446457	10.0	0.35013262808466855	425935.47993081185	94.84703360087431	5.692978403230908	0.06515843769920965	9.67478969446457	0.7909615920187346	
50	9	1.0174494786825703	10.0	0.3644308829894371	449414.9105122786	101.98923042035362	7.627024812115529	0.08099747146141481	10.174494786825703	0.7776504208939677	
51	9	1.0632472378542377	10.0	0.37950325412447133	466324.4662968378	109.18462394422377	9.821103865871583	0.09723139919995478	10.632472378542376	0.7664723549121527	
52	9	1.1086400758643433	10.0	0.39288764711488344	473100.4001399401	116.53846909419762	12.217187271606232	0.11310644257674118	11.086400758643434	0.7572811614064056	
53	9	1.1525087940279737	10.0	0.4063870110848039	491346.33743965765	124.10498511274587	14.87274924944968	0.12907020359169988	11.525087940279736	0.74622059444667	
54	9	1.1960058781094605	10.0	0.4184215392629587	507697.3081688493	131.9265851690338	17.775961049469323	0.14487850254205575	11.960058781094604	0.7387923066255105	
55	9	1.2393126994980188	10.0	0.4303441098965232	520755.8626794846	139.96962554071501	20.9033330749733	0.1603255971869388	12.393126994980188	0.7281814618451818	
56	9	1.2834814999566828	10.0	0.4424405137059022	538626.9561874245	148.34521212977324	24.284577511919963	0.17547731222551255	12.834814999566829	0.7213583229626466	
57	9	1.3258129075792922	10.0	0.4528232562607361	548373.5449244061	156.7972041168554	27.86323669468279	0.19022116708597342	13.25812907579292	0.7132345247017572	
58	9	1.3688338857348632	10.0	0.46300316322233187	568196.7573648662	165.59267029974652	31.713536324145196	0.20473661671129548	13.688338857348633	0.7032529679101737	
59	9	1.4086035847985154	10.0	0.47340667380854873	571214.2962790304	174.292179455053	35.70774283782926	0.21876106314755803	14.086035847985155	0.6941172180761472	
60	9	1.4478970107553404	10.0	0.4846325587793811	573696.0412661519	183.047837492877	39.83992072434271	0.23214891252325154	14.478970107553405	0.686325915378893	
61	9	1.4860293782671496	10.0	0.4927317605662424	578940.9964909058	191.85279048333862	44.13087162701052	0.24510458823745518	14.860293782671496	0.6793587021340026	
62	9	1.5220206731813861	10.0	0.4997465797668828	591136.3211084162	200.73514238623346	48.637586982726404	0.2579472324063241	15.22020673181386	0.6720134416109752	
63	9	1.551359282164582	10.0	0.5077234236609683	595419.9795482211	209.32926690157706	53.292964085457754	0.27083230888563814	15.51359282164582	0.6656558775382975	
64	9	1.5823775860096727	10.0	0.5137561420356687	599134.9818558361	218.1104244550037	58.093532414968195	0.2831352668246017	15.823775860096728	0.6594900095325644	
65	9	1.6139238903222857	10.0	0.5203164309784074	605309.1017001731	227.03797157784402	63.055069261333145	0.29502485750463253	16.139238903222857	0.6537302477265575	
66	9	1.6433257756590294	10.0	0.5267121509384983	610389.1680609747	235.94011778728594	68.16521217090215	0.3067062051505168	16.433257756590294	0.6480549149657893	
67	9	1.6732703719297493	10.0	0.5320695139569638	621796.3431692974	245.05994423199667	73.4863396435574	0.3181484958312012	16.732703719297493	0.643376911707309	
68	9	1.704538850963268	10.0	0.5375268180673377	632437.3733588881	254.43229393283065	79.01252240672561	0.32927468813120614	17.04538850963268	0.6404710907288493	
69	9	1.7310488142523073	10.0	0.5425555033654447	624721.8303111794	263.4439704226884	84.55143044216376	0.3401330836568923	17.310488142523074	0.6321602538336919	
70	9	1.7572196808333125	10.0	0.547483554395466	623108.7544722755	272.43740480847543	90.16507709645873	0.35057627970815686	17.572196808333125	0.6289972126622978	
71	9	1.7805204045364043	10.0	0.5517945528370779	628309.9850263265	281.363350043545	95.92593091741253	0.3609933596816614	17.805204045364043	0.6245416520815322	
72	9	1.801369654247407	10.0	0.5539516623898781	623713.0052803331	290.09889177452965	101.71714964120397	0.3711248656590858	18.01369654247407	0.6217758684153004	
73	9	1.822079258068919	10.0	0.5578701876840971	624861.0821178636	298.8618649491859	107.60229613878792	0.3809536171145214	18.22079258068919	0.6172362530861599	
74	9	1.8356299417947806	10.0	0.5605393160365733	614627.4270689372	307.0739144194732	113.44398345407751	0.39079622584374196	18.356299417947806	0.6156145027003099	
75	9	1.8532809830336938	10.0	0.5628200544487073	620403.2028965938	315.62409485658077	119.42506658948712	0.4001408521150796	18.532809830336937	0.6108066655955744	
76	9	1.8666045602353254	10.0	0.5653863119130744	610373.5922561231	323.7820355617224	125.34997589890342	0.40931730787396153	18.666045602353254	0.6089865481050486	
77	9	1.8819396794096381	10.0	0.5678281500407802	621479.983601354	332.2360651159164	131.47597040294744	0.41829603234539614	18.81939679409638	0.6066802347555174	
78	9	1.8903848445032536	10.0	0.5701728506480899	608858.963510878	340.10493931292785	137.5046778929436	0.4272857728288266	18.903848445032537	0.60689023272172	
79	9	1.8969296281352732	10.0	0.571007638109536	613724.952825248	347.94703244985317	143.65397412413978	0.4362729861682387	18.969296281352733	0.6032863809346778	
80	9	1.9028513239541458	10.0	0.5722654661934059	594072.8437320335	355.4547080947492	149.60727650696757	0.44470119286794757	19.028513239541457	0.6021005115902881	
81	9	1.90801391046925	10.0	0.572716215250589	596798.9364359047	362.968696280699	155.652207548948	0.45304047067548586	19.0801391046925	0.5990298780827239	
82	9	1.9194123086875081	10.0	0.574496383190683	599950.7404169184	370.8997044173874	161.79286520594582	0.46076864821471847	19.19412308687508	0.599368479098715	
83	9	1.9245642011700266	10.0	0.5755761416458345	601288.7533662142	378.48914371243325	167.99517026009462	0.46879051091217877	19.245642011700266	0.5980299102682589	
84	9	1.931850760847329	10.0	0.576916828589245	591733.5138824788	386.04747097156843	174.10756196611283	0.47627996435101877	19.31850760847329	0.5969707049538282	
85	9	1.9340330442671516	10.0	0.5775281432494812	589835.0693756187	393.2764412403247	180.2317940020065	0.483937552567399	19.340330442671515	0.5960204929873792	
86	9	1.9393011062582033	10.0	0.5781160805378822	590501.8883498481	400.69061004607914	186.4002607108767	0.49119522507836805	19.393011062582033	0.5949063673881025	
87	9	1.9361682920698364	10.0	0.5778658448873635	574775.3651267138	407.35535441222163	192.37661652777172	0.49864098139167257	19.361682920698364	0.5940858588610624	
88	9	1.9322456681038602	10.0	0.5777318728124635	562957.8196660896	413.7761922823576	198.21427887385158	0.5057952545517124	19.322456681038602	0.5940897041709389	
89	9	1.9293471324620888	10.0	0.5776524172122294	557850.2477984333	420.1671429288002	204.0067979765347	0.5126505897199182	19.29347132462089	0.5948234339708428	
90	9	1.9283421673922203	10.0	0.5791607323432181	553863.6759149417	426.5956872517486	209.7679902295951	0.5191704388534633	19.283421673922202	0.5951175529996119	
91	9	1.9194834292902392	10.0	0.5777863827568995	545100.9773531565	432.4161231731288	215.4237877260713	0.5260100597341332	19.194834292902392	0.5959405318455026	
92	9	1.920235231703257	10.0	0.5781770713300162	542199.6703861512	438.7353320417507	221.0551823450835	0.5319672082962407	19.20235231703257	0.5939794745341277	
93	9	1.9129690599743636	10.0	0.5778342765570827	528319.7195861995	444.34371324167194	226.4906187269731	0.5381820531637551	19.129690599743636	0.5966592289673631	
94	9	1.9112841593527907	10.0	0.578330657152357	512575.4710817756	449.9990078740918	231.7007509727956	0.5436364557658424	19.112841593527907	0.5945247336741439	
95	9	1.9093313416140607	10.0	0.5780363357772296	509413.12414035376	455.5675038336153	236.86552303568897	0.5489564721844399	19.093313416140607	0.5962326454467997	
96	9	1.9075958898078222	10.0	0.5777678989216635	516430.34589695436	461.2495214021266	242.14102274724354	0.5542644440252691	19.075958898078223	0.5963384898885217	
97	9	1.907668871700924	10.0	0.5782303754599967	495943.32821846957	466.66731850848976	247.09680422427328	0.559030827310821	19.07668871700924	0.5958829225422944	
98	9	1.8993877513499124	10.0	0.5771660202323599	495567.6273712977	471.5749273887486	252.0444613907188	0.5643121632453019	18.993877513499125	0.5967628482405383	
99	9	1.8952665274230518	10.0	0.5766225666456324	487143.57216070563	476.56167645737486	256.85893417808825	0.5690802814846375	18.95266527423052	0.5984514524799597	
100	9	1.8812625938209475	10.0	0.57563412362109	470906.42400438833	480.6770514925053	261.4107392205591	0.5742521107084505	18.812625938209475	0.5980408937499582	
101	9	1.873691700307284	10.0	0.5749519190931008	462158.1858579192	484.9986257867011	265.8213198586398	0.5787590987482201	18.73691700307284	0.5997126518981386	
102	9	1.8702890590617343	10.0	0.5742528022011059	461299.559352114	489.52758565757375	270.21142741224224	0.5828800437961652	18.702890590617343	0.6016132900419469	
103	9	1.8635398595244776	10.0	0.5749125015700407	457795.2246948096	493.78159122095997	274.5368816179684	0.5871276415538237	18.635398595244776	0.6004415398401983	
104	9	1.854363095635828	10.0	0.5730466510721182	459481.6881802675	497.90426185108646	278.8809135518048	0.5915082018694056	18.543630956358278	0.6011924532192425	
105	9	1.8473844158760997	10.0	0.5727323817990493	459106.79033096076	502.1280992833782	283.21012091602233	0.5956581319463128	18.473844158760997	0.6020179025387403	
106	9	1.838058163067893	10.0	0.5715593122505973	445209.68262971536	505.9520989803138	287.29984805762933	0.5997230424876898	18.38058163067893	0.6036345775106338	
107	9	1.829517496164972	10.0	0.5707642707478555	425027.94203105895	509.450178180435	291.0480807617233	0.6034035425988866	18.29517496164972	0.6046992850949511	
108	9	1.8223621788489743	10.0	0.5701555079903544	425758.557679739	513.0201830840998	294.79346537598764	0.6069382329644137	18.223621788489744	0.6057735989781073	
109	9	1.8186196676951334	10.0	0.5703277630620773	417930.9401043919	516.6299382121199	298.3950981344521	0.6100708858139579	18.186196676951333	0.606554174106873	
110	9	1.8025879443888837	10.0	0.568530367726388	405496.39017162897	519.2888783204779	301.7751438167816	0.6138800658490485	18.025879443888837	0.6075311786856704	
111	9	1.7956604121254727	10.0	0.5685082475885898	404460.9894310985	522.4403300635599	305.12616504497976	0.6169754178255624	17.956604121254728	0.6073425344193404	
112	9	1.7893089222034668	10.0	0.5672891234215113	401280.5643535078	525.5490455483124	308.4078858707288	0.619943132871755	17.893089222034668	0.6088937493508634	
113	9	1.784093291464004	10.0	0.567475358002153	396239.07356943045	528.6147305291595	311.5885939060104	0.6227209476732765	17.84093291464004	0.6093389534429297	
114	9	1.770706481498874	10.0	0.5654530159245713	400934.6634581345	531.2685436005129	314.82869678222835	0.626101551969531	17.70706481498874	0.6105052865803393	
115	9	1.7674310482446143	10.0	0.5649433928838535	391101.2439219001	534.3185102537158	317.8910832020158	0.6285923907488581	17.674310482446142	0.6122156382089139	
116	9	1.759602011108973	10.0	0.5632539038186496	381157.3508938023	536.9110130630759	320.7712380614354	0.6312520457018831	17.59602011108973	0.6132091287244498	
117	9	1.746685306480252	10.0	0.5624333606067526	372091.7076015801	539.0335183042008	323.4862576592791	0.6341353722723183	17.46685306480252	0.6145294572281093	
118	9	1.73790741032266	10.0	0.5611707045556306	362352.50426198455	541.2116156210831	326.02767438721946	0.636576483053295	17.3790741032266	0.6160670929335824	
119	9	1.7255773668948233	10.0	0.5610928587778454	348907.31990919414	542.9350772203001	328.33395028640143	0.639089830554114	17.255773668948233	0.6173123993060518	
120	9	1.716742904370506	10.0	0.5595610824090335	345992.4891898461	544.7985126593675	330.5815886166379	0.6412957146178969	17.16742904370506	0.6180805933468584	
121	9	1.7054112938796322	10.0	0.5597078758987112	337993.3257173352	546.3654226256468	332.68578817184857	0.6435685555943766	17.054112938796322	0.6176526433119871	
122	9	1.6952556520511568	10.0	0.5589480281952119	333607.67899592646	547.9134336746426	334.70799105245214	0.6456884574469545	16.952556520511568	0.620455633380031	
123	9	1.6907115916883337	10.0	0.5587880389787049	332944.52904150344	549.7643471945988	336.70968095655275	0.647378645343271	16.90711591688334	0.6197163585694931	
124	9	1.6805648300432765	10.0	0.5569520892941613	330000.9169981491	551.2271322954516	338.6509070402721	0.6494206118361422	16.805648300432765	0.6216591968622871	
125	9	1.6742705136383897	10.0	0.557298698973878	316852.92228480073	552.6739635044397	340.3657731695351	0.6510231824801285	16.742705136383897	0.6227276886331171	
126	9	1.656535081961869	10.0	0.5544565446468589	319543.77217994037	553.4955703122354	342.11573918035543	0.6534664739704458	16.56535081961869	0.6249636345599087	
127	9	1.64073516015088	10.0	0.5527136215444175	312591.8971667206	554.302544897666	343.74569015068323	0.6556840577941271	16.4073516015088	0.6265035457115928	
128	9	1.6274816457621804	10.0	0.5509651712011722	308449.92565535	555.1793244039726	345.30209647709836	0.6576629534365914	16.274816457621803	0.6275536774275128	
129	9	1.608779628028762	10.0	0.5486954252095129	298041.23025932594	555.5533594363026	346.68113144140546	0.6599170693337764	16.08779628028762	0.6294072590274038	
130	9	1.5996394599455734	10.0	0.5478197114032898	295562.8793765293	556.4352646339678	348.0168410649921	0.6614441307850963	15.996394599455735	0.6318611339308885	
