time(d)	species	LAI	nrShoots	fAbs	assCO2(umol/m2)	biomAbove(gr/m2)	yield(gr/m2)	harvestIndex	leafArea	fieldRFR	
1	9	0.0	10.0	0.0	0.0	2.75	0.0	NaN	0.0	1.200000000000002	
2	9	0.0	10.0	0.0	0.0	2.7090564644083357	0.0	NaN	0.0	1.200000000000002	
3	9	0.0023155177569799687	10.0	0.0	0.0	2.532364521380121	0.0	0.0	0.023155177569799686	1.200000000000002	
4	9	0.0066598702903754425	10.0	5.704466385208196E-4	1932.3767797809312	2.3097321457446567	0.0	0.0	0.06659870290375443	1.2048695262117615	
5	9	0.011709222990891641	10.0	0.0016189376237962562	4645.789746428069	2.133540962859434	0.0	0.0	0.11709222990891642	1.1789898830442924	
6	9	0.017016425694012197	10.0	0.0028969984651492655	7851.24385037223	2.0704576678662323	0.0	0.0	0.17016425694012197	1.1250346401903584	
7	9	0.020781548869697034	10.0	0.004246972889768831	10878.056189454655	2.184141903350685	0.0	0.0	0.20781548869697034	1.1032047776330962	
8	9	0.02368017533119632	10.0	0.005275866079327366	12881.355549921176	2.3939340093271313	0.0	0.0	0.2368017533119632	1.0544039458664871	
9	9	0.027215460504657653	10.0	0.0066675598184032835	15527.162917758167	2.6484248198205154	0.0	0.0	0.2721546050465765	1.0626902094379513	
10	9	0.031628211903313525	10.0	0.008550777269761466	19542.34809906999	2.971178884910151	0.0	0.0	0.31628211903313525	1.057490958626645	
11	9	0.03724823704363719	10.0	0.011631628696562042	25337.362767127874	3.39275545346793	0.0	0.0	0.3724823704363719	1.0591052835973915	
12	9	0.04462996490831696	10.0	0.015512876698025068	33887.983720899516	3.9605138485236693	0.0	0.0	0.4462996490831696	1.0456030536492924	
13	9	0.05401387989876281	10.0	0.020054236912059344	44036.07120203746	4.701310556761668	0.0	0.0	0.5401387989876281	1.0601782080610362	
14	9	0.06574917730956506	10.0	0.025278350802726075	56334.7749083065	5.65146153780452	0.0	0.0	0.6574917730956505	1.0452594703017433	
15	9	0.07964397601162365	10.0	0.030714545576492395	68347.7539208793	6.8045778201549485	0.0	0.0	0.7964397601162365	1.02858112979495	
16	9	0.09577240540477393	10.0	0.03684272622435288	81267.00412614047	8.175087499499877	0.0	0.0	0.9577240540477393	1.0299169464866111	
17	9	0.11476017804654279	10.0	0.04382421513416961	97742.19591273097	9.823499891132476	0.0	0.0	1.147601780465428	1.0230427705089549	
18	9	0.1371164567285215	10.0	0.05156517832401673	117345.88842034973	11.802467539419691	0.0	0.0	1.3711645672852149	1.0170628055221484	
19	9	0.16375841200971664	10.0	0.06181440454810251	142382.90489539626	14.204456899145091	0.0	0.0	1.6375841200971664	1.0103551838372042	
20	9	0.19481128685934007	10.0	0.07205505679921186	169118.9716615831	17.056231168659245	0.0	0.0	1.9481128685934006	0.9991781425020143	
21	9	0.2311131339988127	10.0	0.08471740298317179	201500.86966616646	20.453157716939007	0.0	0.0	2.311131339988127	0.9957442706569398	
22	9	0.27274590349729727	10.0	0.09954301795819516	235483.47458594493	24.41946363493342	0.0	0.0	2.7274590349729726	0.9840894876170354	
23	9	0.3190308049207619	10.0	0.11504629865845227	277266.5352164858	29.087261890834565	0.18328027572479508	0.007060737219538454	3.1903080492076192	0.9682705602160706	
24	9	0.36847149235090165	10.0	0.13376966411066968	320548.93839649565	34.47796052020204	0.7021806488433033	0.02263387520510539	3.6847149235090164	0.9508144682680886	
25	9	0.4206533321439572	10.0	0.15314278637839557	374224.0003994321	40.767815799981335	1.7478676644895828	0.04728288811723614	4.206533321439572	0.9310375787404882	
26	9	0.47490144833136494	10.0	0.17360039783426384	433903.33083350875	48.05541675764899	3.459505794181595	0.07883337421455949	4.749014483313649	0.9108657587355049	
27	9	0.5294346727467956	10.0	0.1942047905013319	483044.52016223257	56.15038826764312	5.8069516416568785	0.11255600451243382	5.294346727467956	0.8963992633646766	
28	9	0.5850994314795553	10.0	0.2139939882805203	542798.9072643573	65.23226149767227	8.867044626885022	0.14715208540982894	5.850994314795553	0.8733322219624995	
29	9	0.6413913612838283	10.0	0.23423008736998077	602115.4724837149	75.28676228309718	12.675764128232313	0.18143007823529259	6.413913612838283	0.8540959798677358	
30	9	0.6981125292737607	10.0	0.2545725368162396	663042.9085066976	86.33541708714576	17.283665364261985	0.214878409160154	6.981125292737607	0.8349738804938087	
31	9	0.7563055479088464	10.0	0.27501409661970955	739445.1906162136	98.64122826356689	22.85237846311805	0.24781905065670035	7.563055479088464	0.8165203108337752	
32	9	0.8139931854652354	10.0	0.2941687418627551	796083.5253799253	111.85128735187679	29.276049148546356	0.27918184914404903	8.139931854652353	0.7993446107863019	
33	9	0.8705476232162048	10.0	0.3133949914723819	847581.8076489652	125.86992632585793	36.54766782892601	0.3089675759423462	8.705476232162049	0.7836928439702295	
34	9	0.9259605884750751	10.0	0.3306645937666926	904194.9331605688	140.78084310915725	44.756249023296576	0.33760696917789795	9.259605884750751	0.7671373972786337	
35	9	0.9786913946061295	10.0	0.3466628905468879	950431.3357553253	156.37602780066715	53.85068773298948	0.36509234441714933	9.786913946061295	0.7528151001910713	
36	9	1.0300629275156612	10.0	0.3608566798287482	1013695.3783242174	172.9899468871323	64.04235459998407	0.3919396693487044	10.300629275156611	0.7395002778709546	
37	9	1.078022602299939	10.0	0.375985204654641	1061676.3817226826	190.30193250828896	75.20409667053971	0.4179002523750046	10.78022602299939	0.7244033430647308	
38	9	1.1224669213053022	10.0	0.3882604774490767	1107897.5718282948	208.30120314684422	87.3575589919226	0.4430740104184858	11.224669213053023	0.7129416390142392	
39	9	1.1636003645338313	10.0	0.40047489007027554	1151835.140566015	226.9730562036385	100.49524863390724	0.4674190714775349	11.636003645338313	0.7037601170071776	
40	9	1.2007009370590773	10.0	0.4108176206473565	1193379.6955179411	246.24324718757458	114.60137658390097	0.49101475999415156	12.007009370590772	0.6928659289184139	
41	9	1.2330613315365804	10.0	0.42064300071339106	1208263.5758867855	265.64310691751973	129.31735940867202	0.5133574884710731	12.330613315365804	0.6848599669062619	
42	9	1.261031906117441	10.0	0.4292358766375663	1229047.4922682068	285.2745880551015	144.70596705288736	0.5347175736282854	12.610319061174412	0.6787263070590174	
43	9	1.2844216984270473	10.0	0.435184788876721	1247677.6127754294	305.09859505666014	160.7528307919353	0.5552656207497345	12.844216984270474	0.6738961635870615	
44	9	1.302083874330858	10.0	0.44104510045867096	1242140.981272846	324.6519071363335	177.11313158153737	0.5748279679167934	13.02083874330858	0.6685124441878948	
45	9	1.315585569856285	10.0	0.44569898720434425	1224564.7312617847	343.80801565133294	193.58029397494255	0.5932019227002076	13.155855698562851	0.6665098272148866	
46	9	1.3246192853691527	10.0	0.44836753047348693	1218762.1659258422	362.70863177773384	210.26767866984974	0.6107319789188949	13.246192853691527	0.6648305601816624	
47	9	1.3310627822043601	10.0	0.45004177686410524	1227133.4490699787	381.6533099336598	227.3121964131488	0.6274567691666256	13.310627822043601	0.664319914729336	
48	9	1.3339919961201048	10.0	0.4514271981147931	1239066.9508031714	400.6178841015093	244.72053041092317	0.6435483157951503	13.339919961201048	0.6623697604023242	
49	9	1.3360466178762977	10.0	0.45141708647087253	1256781.2067119644	419.8240571050659	262.537352047988	0.6588441468399584	13.360466178762978	0.6623826604719043	
50	9	1.336359523149747	10.0	0.4506528193741893	1251145.4265817334	438.77456666453816	280.31772301880596	0.673122555187319	13.363595231497468	0.6618719790274171	
51	9	1.3365258644727225	10.0	0.4516280327310028	1247517.1510821567	457.5624152901261	298.0304190966105	0.6863158521630025	13.365258644727225	0.6611117226946048	
52	9	1.3365258644727225	10.0	0.4511038239097865	1229686.846510164	475.91303828389835	315.38083268018846	0.6983159689094841	13.365258644727225	0.6609835709880518	
53	9	1.3361261186781446	10.0	0.45087416041689204	1221063.6966355552	493.9666977950068	332.4915069644657	0.7093500001285636	13.361261186781446	0.6623708887224811	
54	9	1.3361261186781446	10.0	0.45052627273092993	1203005.3976289046	511.60724393511174	349.1923209144458	0.7193496155186295	13.361261186781446	0.6617051656935735	
55	9	1.3361261186781446	10.0	0.44995022440525084	1209111.7976489528	529.2354560138945	365.8745349848635	0.7286740054079259	13.361261186781446	0.6623799486108397	
56	9	1.3357619379663808	10.0	0.45014613565848605	1215386.8855902276	546.8332728041295	382.539126195647	0.7374197773994192	13.357619379663808	0.6613584416791509	
57	9	1.3357619379663808	10.0	0.4501078612155998	1200815.7798170296	564.0797605896321	398.84087455118663	0.7454199163342747	13.357619379663808	0.662500408055969	
58	9	1.3357619379663808	10.0	0.4493216396744933	1206487.658429442	581.3089942929445	415.1135683555629	0.7529339620947346	13.357619379663808	0.6616404375899275	
59	9	1.3357619379663808	10.0	0.4494197759062924	1207879.1015997927	598.4464908108818	431.28456603987314	0.7599741584818842	13.357619379663808	0.6619465418964482	
60	9	1.3357619379663808	10.0	0.4481329298230788	1204938.2412654364	615.4173645059873	447.2808402846502	0.7665543647551893	13.357619379663808	0.6635211535969272	
61	9	1.3357619379663808	10.0	0.447827857342939	1210395.127909573	632.3690926815357	463.23858675127514	0.7727688072640156	13.357619379663808	0.6635782585539942	
62	9	1.3357619379663808	10.0	0.4476079797225819	1195349.3111835886	648.9444839309389	478.81862686022333	0.7785250363026707	13.357619379663808	0.6635729545124479	
63	9	1.3357619379663808	10.0	0.4466001688684233	1176582.201176612	665.0812172039341	493.95975248567254	0.7838463909104109	13.357619379663808	0.6638142231545582	
64	9	1.3357619379663808	10.0	0.4461042588693739	1158375.898189333	680.7920192683249	508.6708826691189	0.7887772892559697	13.357619379663808	0.6639938750070697	
65	9	1.3357619379663808	10.0	0.4456422559078568	1153082.752263742	696.304807477753	523.1612490859308	0.7934190960550969	13.357619379663808	0.6652776105316832	
66	9	1.3357619379663808	10.0	0.44490355462579767	1158037.5626632269	711.7995158344049	537.5930545248382	0.7978437062234826	13.357619379663808	0.6637657699150127	
67	9	1.3357619379663808	10.0	0.44437129975284234	1158160.2141591443	727.1920513797645	551.8803091720358	0.802041178338824	13.357619379663808	0.6625572032739957	
68	9	1.3357619379663808	10.0	0.4438759868010789	1158530.268738371	742.4874136722377	566.0179124706347	0.8060265591762763	13.357619379663808	0.6655711479769366	
69	9	1.3357619379663808	10.0	0.4435393783760742	1168715.206799638	757.8573102788921	580.1510432522454	0.8098534494152203	13.357619379663808	0.6662066552551614	
70	9	1.3357619379663808	10.0	0.44281441881575084	1140044.723511323	772.6240687056605	593.6417579371071	0.8133681320773688	13.357619379663808	0.665107487406512	
71	9	1.3357619379663808	10.0	0.44246081590557573	1134812.0008788565	787.2002216339708	606.8473539621084	0.8166849290546672	13.357619379663808	0.6646622523121234	
72	9	1.3357619379663808	10.0	0.44197659338215545	1135909.074017862	801.6973676475513	619.8346922687831	0.8198338975508457	13.357619379663808	0.6655849275246659	
73	9	1.3357619379663808	10.0	0.44105075905919655	1112493.4207179984	815.6888318050843	632.173075161138	0.822726914894082	13.357619379663808	0.6649125003403777	
74	9	1.3357619379663808	10.0	0.43989932844070606	1117285.0804230557	829.7146446026825	644.1395540895676	0.8254453410210784	13.357619379663808	0.6652146465238653	
75	9	1.3357619379663808	10.0	0.4401640001385874	1117993.4378886565	844.0128708504953	655.0354641325542	0.8278490467209215	13.357619379663808	0.6646617736082016	
76	9	1.3357619379663808	10.0	0.43936268375557935	1123228.389183861	859.1744366311714	663.9629669422153	0.8297697184868402	13.357619379663808	0.6645831702566377	
77	9	1.3357619379663808	10.0	0.4386272962944842	1118908.7198911551	875.4864916376057	669.9646395595573	0.8310370131458559	13.357619379663808	0.6646012437987432	
78	9	1.3357619379663808	10.0	0.43816367822021945	1122344.4332735194	892.9960872775375	673.4031976461297	0.8317546223363241	13.357619379663808	0.6649041468638728	
79	9	1.3357619379663808	10.0	0.4389524693290571	1115131.1216899366	911.1722457998472	674.8278352680918	0.8320501540333831	13.357619379663808	0.6640988296764724	
80	9	1.3357619379663808	10.0	0.43840657923833853	1105917.7297429137	929.5523797600633	675.1088554776154	0.8321083272698727	13.357619379663808	0.6646322567654237	
81	9	1.3357619379663808	10.0	0.43827472102989673	1092834.8332833792	947.597634200268	675.1088554776154	0.8321083272698727	13.357619379663808	0.664531488027529	
82	9	1.3357619379663808	10.0	0.4390660225818608	1099653.9036635244	965.6933907203702	675.1088554776154	0.8321083272698727	13.357619379663808	0.6640135970957958	
83	9	1.3357619379663808	10.0	0.43837444775643025	1098307.9318331147	983.6247186989613	675.1088554776154	0.8321083272698727	13.357619379663808	0.66465772654016	
84	9	1.3190400243799734	10.0	0.4349122650324545	1087922.7742943503	1000.1876750803121	675.1088554776154	0.8331024260059959	13.190400243799733	0.6653198715791853	
85	9	1.2895482593115637	10.0	0.4294473441425423	1069708.7082922985	1015.4194592461763	675.1088554776154	0.8348614787718801	12.895482593115638	0.6688385883146486	
86	9	1.2895482593115637	10.0	0.4311325526341653	1076044.1375028621	1032.4297866566471	675.1088554776154	0.8348614787718801	12.895482593115638	0.673592922553833	
87	9	1.245053144550886	10.0	0.4223789920816055	1048416.9065909435	1046.0213959552025	675.1088554776154	0.8375295176617178	12.450531445508858	0.6727253249631032	
88	9	1.190616356160529	10.0	0.412257613368934	1021808.2427718539	1058.2576563596858	675.1088554776154	0.8408169692406456	11.90616356160529	0.6786788334169834	
89	9	1.1547506243772887	10.0	0.40541350679107513	1000798.7393217946	1070.9521119401495	675.1088554776154	0.8429970495806046	11.547506243772887	0.6862003375638231	
90	9	1.1122666579309084	10.0	0.39763462476743067	979764.2428118283	1082.6422247867604	675.1088554776154	0.8455940877287684	11.122666579309085	0.689714290691377	
91	9	1.1122666579309084	10.0	0.3960824913759503	980824.0075603575	1096.7655347955958	675.1088554776154	0.8455940877287684	11.122666579309085	0.695144595132828	
92	9	1.086457355361898	10.0	0.39154717438599795	975082.7925404587	1109.1649243732797	675.1088554776154	0.8471796342652939	10.86457355361898	0.6943559024980831	
93	9	1.0467802216510886	10.0	0.38353154991242344	934601.7234974658	1119.633087301516	675.1088554776154	0.8496287554792944	10.467802216510886	0.696871215061432	
94	9	0.9945442654952652	10.0	0.3718990024693591	900860.0235652734	1128.444562621128	675.1088554776154	0.8528747612941793	9.945442654952652	0.7038614604075433	
95	9	0.9542839531497996	10.0	0.36315588609374805	891108.8128578417	1137.6712483940523	675.1088554776154	0.8553935611452734	9.542839531497997	0.7119757680942359	
96	9	0.8941836631685053	10.0	0.34828220924400866	857551.7801520216	1144.8394213952488	675.1088554776154	0.8591814104757475	8.941836631685053	0.7192632605232185	
97	9	0.8941836631685053	10.0	0.3475784784686099	849632.0755547052	1155.276259420428	675.1088554776154	0.8591814104757475	8.941836631685053	0.7275018762342388	
98	9	0.8314979536076479	10.0	0.3311718099578899	834618.7489295651	1161.653521587305	675.1088554776154	0.8631681153497208	8.314979536076478	0.7276162712579964	
99	9	0.7540346894355439	10.0	0.31042862111589314	780075.1721946422	1165.7434829661247	675.1088554776154	0.8681460507507996	7.540346894355439	0.7405763012398616	
100	9	0.689133547830026	10.0	0.2915225306072179	736604.5467761265	1167.4703052015986	675.1088554776154	0.8723611394750489	6.89133547830026	0.7512132482763337	
101	9	0.6468273269318183	10.0	0.27875900882415455	715396.6952757272	1168.2535285372855	675.1088554776154	0.8751308783788763	6.468273269318183	0.7612108608584832	
102	9	0.5962547031050642	10.0	0.26296222275581854	687602.4093410068	1168.4035484732822	675.1088554776154	0.878464975331175	5.962547031050643	0.7691291423711347	
103	9	0.5962547031050642	10.0	0.2624109164533972	689389.8185554888	1169.5701806388524	675.1088554776154	0.878464975331175	5.962547031050643	0.7798703048059226	
104	9	0.5305766099067644	10.0	0.24002256990294082	654400.6986315879	1165.7677647168452	675.1088554776154	0.8828330378232802	5.305766099067644	0.7789500320300697	
105	9	0.42989800950338575	10.0	0.2026135807545599	587930.0524983596	1159.939003640861	675.1088554776154	0.889613863324483	4.2989800950338575	0.7877887278277343	
106	9	0.30657622284470765	10.0	0.15217526242935175	511133.25255700265	1152.799321255358	675.1088554776154	0.8980630215676962	3.0657622284470762	0.8032381166834783	
107	9	0.2529878508459042	10.0	0.13167162967547563	484302.341292634	1149.6968365606908	675.1088554776154	0.901784757432812	2.529878508459042	0.8395760286718077	
108	9	0.15543969765174553	10.0	0.08175217983595498	408049.7157147246	1144.0493119020819	675.1088554776154	0.9086393041414896	1.5543969765174555	0.8201021979264834	
109	9	0.15543969765174553	10.0	0.08324215846113477	415249.3039012496	1144.0493119020819	675.1088554776154	0.9086393041414896	1.5543969765174555	0.8613295022135437	
110	9	0.08211785169637584	10.0	0.045047345031739044	353515.36253564956	1139.8043629257177	675.1088554776154	0.9138605013271144	0.8211785169637583	0.8319206082598495	
111	9	0.021951962928777935	10.0	0.012079458214059601	309533.6346911254	1136.321074628646	675.1088554776154	0.9181899045501097	0.21951962928777935	0.8394240052488307	
112	9	0.0	10.0	0.0	301342.86250257585	1135.0501715117168	675.1088554776154	0.9197797503267506	0.0	0.8572334291667871	
113	9	0.0	10.0	0.0	309852.1553480578	1135.0501715117168	675.1088554776154	0.9197797503267506	0.0	0.8701091933850791	
114	9	0.0	10.0	0.0	312645.0766933164	1135.0501715117168	675.1088554776154	0.9197797503267506	0.0	0.8717892619729127	
115	9	0.0	10.0	0.0	309889.6618250317	1135.0501715117168	675.1088554776154	0.9197797503267506	0.0	0.872154388491063	
116	9	0.0	10.0	0.0	309654.82080223813	1135.0501715117168	675.1088554776154	0.9197797503267506	0.0	0.872850083197344	
117	9	0.0	10.0	0.0	311602.8568660916	1135.0501715117168	675.1088554776154	0.9197797503267506	0.0	0.8705719946497764	
118	9	0.0	10.0	0.0	308874.7848968638	1135.0501715117168	675.1088554776154	0.9197797503267506	0.0	0.8718757952212602	
119	9	0.0	10.0	0.0	302416.2854253907	1135.0501715117168	675.1088554776154	0.9197797503267506	0.0	0.8718942397963079	
120	9	0.0	10.0	0.0	299356.8016046953	1135.0501715117168	675.1088554776154	0.9197797503267506	0.0	0.8726193514723364	
121	9	0.0	10.0	0.0	298804.9561638591	1135.0501715117168	675.1088554776154	0.9197797503267506	0.0	0.8714274678066645	
122	9	0.0	10.0	0.0	300687.7961590642	1135.0501715117168	675.1088554776154	0.9197797503267506	0.0	0.8711530360315399	
123	9	0.0	10.0	0.0	302295.45686092693	1135.0501715117168	675.1088554776154	0.9197797503267506	0.0	0.8708043188774317	
124	9	0.0	10.0	0.0	301506.7615011815	1135.0501715117168	675.1088554776154	0.9197797503267506	0.0	0.8715011098372689	
125	9	0.0	10.0	0.0	298578.93388613046	1135.0501715117168	675.1088554776154	0.9197797503267506	0.0	0.8716344512454328	
126	9	0.0	10.0	0.0	297861.5731560165	1135.0501715117168	675.1088554776154	0.9197797503267506	0.0	0.8707991372140449	
127	9	0.0	10.0	0.0	297708.0445058331	1135.0501715117168	675.1088554776154	0.9197797503267506	0.0	0.8732585606363368	
128	9	0.0	10.0	0.0	297838.58799313504	1135.0501715117168	675.1088554776154	0.9197797503267506	0.0	0.8716168535366137	
129	9	0.0	10.0	0.0	299075.0552218185	1135.0501715117168	675.1088554776154	0.9197797503267506	0.0	0.8722485795151594	
130	9	0.0	10.0	0.0	297682.25136196474	1135.0501715117168	675.1088554776154	0.9197797503267506	0.0	0.869895245253986	
